 250 247 239 232 228 231 230 227 223 218 224 241 242 243 238 201
 254 255 255 189  78  80  83  78  72  78  91 103 177 255 255 233
 255 255 255 166  52  47  49  49  44  44  48  53 150 255 255 230
 254 255 255 165  47  49  93 115 115 105  59  49 119 252 255 225
 254 255 255 171  49  65 195 248 248 242 107  57 117 255 255 217
 254 255 255 183  57  62 193 255 255 250 109  55 123 251 255 211
 255 255 255 184  52  55 182 255 255 246 106  53 130 251 255 218
 255 255 255 180  60  59 185 254 255 245 105  59 135 248 255 241
 254 255 254 170  54  60 196 255 255 246  99  62 150 251 255 237
 254 255 253 166  52  54 188 252 254 247  90  53 142 248 254 239
 254 255 255 178  54  55 191 253 255 247  92  46 127 251 254 227
 251 255 255 199  57  61 174 254 255 245  99  48 129 253 254 221
 252 255 252 191  54  57 161 251 254 237 104  46 122 246 248 208
 246 255 254 188  60  59 164 250 253 235  99  49 136 248 249 210
 239 252 253 222 159 145 207 252 252 242 158 124 177 246 244 210
 208 230 237 245 243 233 231 236 244 250 237 233 243 246 238 208
 197 196 191 187 189 190 187 184 175 166 168 185 193 192 189 174
 207 209 212 158  67  71  72  65  59  70  82  90 140 202 206 197
 210 212 213 140  37  37  37  37  38  36  37  37 114 205 207 192
 208 210 211 143  38  37  66  81  82  80  45  37  91 207 209 190
 208 206 206 143  39  36 153 197 196 197  84  38  83 206 209 184
 209 206 206 148  40  36 146 202 203 202  88  37  89 206 208 178
 205 203 203 148  39  39 146 204 206 203  85  39  95 204 205 182
 203 203 203 146  42  35 147 203 205 201  79  35  98 201 201 201
 201 201 200 136  37  35 147 201 203 198  71  30 101 199 200 196
 198 199 198 133  38  38 151 200 201 199  73  33  95 197 199 193
 199 200 198 137  40  39 156 201 197 198  77  33  85 195 197 191
 197 196 197 157  36  37 129 195 194 195  84  32  82 196 198 187
 195 198 198 156  37  37 123 196 195 194  88  33  84 197 196 182
 193 194 194 152  38  36 125 195 196 195  84  33  93 191 193 180
 192 194 193 162  97  87 146 193 192 188 119  83 124 188 193 185
 184 187 187 184 183 183 188 190 188 189 183 184 186 189 189 182
 195 192 189 184 182 187 188 183 174 166 171 189 191 192 191 175
 210 212 214 164  75  76  76  69  66  76  87  96 145 206 211 200
 210 209 211 142  39  38  38  38  39  37  36  35 115 207 212 196
 210 210 211 142  38  35  64  81  82  79  44  36  92 207 211 192
 208 207 208 144  40  36 149 193 193 195  84  39  86 208 209 184
 206 208 210 149  41  36 147 204 206 204  88  38  93 207 211 179
 205 206 203 147  41  39 145 201 205 204  85  41  98 206 209 183
 204 200 201 146  44  37 148 204 209 205  82  37  99 201 203 201
 202 201 202 137  38  36 149 202 203 200  72  33 103 198 199 196
 199 199 198 132  39  39 153 203 204 202  75  33  96 197 201 195
 196 199 200 138  41  40 157 201 199 201  80  35  86 197 201 191
 197 198 199 157  34  37 131 197 197 197  85  32  82 194 198 186
 194 198 198 155  35  37 123 195 199 196  88  31  84 197 197 182
 195 198 196 150  34  35 126 194 197 196  86  34  93 192 197 185
 194 194 193 165  99  88 147 194 193 190 124  86 125 188 194 187
 181 185 188 187 183 182 188 188 189 190 186 186 189 191 189 183

 201 233 230 225 217 211 218 241 237 239 227 221 208 210 210 208
 238 255 255 255 255 255 255 255 255 254 254 254 248 249 244 238
 243 255 255 252 255 251 251 248 251 248 251 253 246 248 246 246
 242 177 150 119 117 123 130 135 150 142 127 129 122 136 177 243
 241 103  53  49  57  55  53  59  62  53  46  48  46  49 124 233
 224  91  48  59 107 109 106 105  99  90  92  99 104  99 158 237
 218  78  44 105 242 250 246 245 246 247 247 245 237 235 242 250
 223  72  44 115 248 255 255 255 255 254 255 255 254 253 252 244
 227  78  49 115 248 255 255 254 255 252 253 254 251 250 252 236
 230  83  49  93 195 193 182 185 196 188 191 174 161 164 207 231
 231  80  47  49  65  62  55  59  60  54  55  61  57  59 145 233
 228  78  52  47  49  57  52  60  54  52  54  57  54  60 159 243
 232 189 166 165 171 183 184 180 170 166 178 199 191 188 222 245
 239 255 255 255 255 255 255 255 254 253 255 255 252 254 253 237
 247 255 255 255 255 255 255 255 255 255 255 255 255 255 252 230
 250 254 255 254 254 254 255 255 254 254 254 251 252 246 239 208
 174 197 192 190 184 178 182 201 196 193 191 187 182 180 185 182
 189 206 207 209 209 208 205 201 200 199 197 198 196 193 193 189
 192 202 205 207 206 206 204 201 199 197 195 196 197 191 188 189
 193 140 114  91  83  89  95  98 101  95  85  82  84  93 124 186
 185  90  37  37  38  37  39  35  30  33  33  32  33  33  83 184
 168  82  37  45  84  88  85  79  71  73  77  84  88  84 119 183
 166  70  36  80 197 202 203 201 198 199 198 195 194 195 188 189
 175  59  38  82 196 203 206 205 203 201 197 194 195 196 192 188
 184  65  37  81 197 202 204 203 201 200 201 195 196 195 193 190
 187  72  37  66 153 146 146 147 147 151 156 129 123 125 146 188
 190  71  37  37  36  36  39  35  35  38  39  37  37  36  87 183
 189  67  37  38  39  40  39  42  37  38  40  36  37  38  97 183
 187 158 140 143 143 148 148 146 136 133 137 157 156 152 162 184
 191 212 213 211 206 206 203 203 200 198 198 197 198 194 193 187
 196 209 212 210 206 206 203 203 201 199 200 196 198 194 194 187
 197 207 210 208 208 209 205 203 201 198 199 197 195 193 192 184
 175 200 196 192 184 179 183 201 196 195 191 186 182 185 187 183
 191 211 212 211 209 211 209 203 199 201 201 198 197 197 194 189
 192 206 207 207 208 207 206 201 198 197 197 194 197 192 188 191
 191 145 115  92  86  93  98  99 103  96  86  82  84  93 125 189
 189  96  35  36  39  38  41  37  33  33  35  32  31  34  86 186
 171  87  36  44  84  88  85  82  72  75  80  85  88  86 124 186
 166  76  37  79 195 204 204 205 200 202 201 197 196 196 190 190
 174  66  39  82 193 206 205 209 203 204 199 197 199 197 193 189
 183  69  38  81 193 204 201 204 202 203 201 197 195 194 194 188
 188  76  38  64 149 147 145 148 149 153 157 131 123 126 147 188
 187  76  38  35  36  36  39  37  36  39  40  37  37  35  88 182
 182  75  39  38  40  41  41  44  38  39  41  34  35  34  99 183
 184 164 142 142 144 149 147 146 137 132 138 157 155 150 165 187
 189 214 211 211 208 210 203 201 202 198 200 199 198 196 193 188
 192 212 209 210 207 208 206 200 201 199 199 198 198 198 194 185
 195 210 210 210 208 206 205 204 202 199 196 197 194 195 194 181

 208 238 246 243 233 237 250 244 236 231 233 243 245 237 230 208
 210 244 246 177 124 158 242 252 252 207 145 159 222 253 252 239
 210 249 248 136  49  99 235 253 250 164  59  60 188 254 255 246
 208 248 246 122  46 104 237 254 251 161  57  54 191 252 255 252
 221 254 253 129  48  99 245 255 254 174  61  57 199 255 255 251
 227 254 251 127  46  92 247 255 253 191  55  54 178 255 255 254
 239 254 248 142  53  90 247 254 252 188  54  52 166 253 255 254
 237 255 251 150  62  99 246 255 255 196  60  54 170 254 255 254
 241 255 248 135  59 105 245 255 254 185  59  60 180 255 255 255
 218 255 251 130  53 106 246 255 255 182  55  52 184 255 255 255
 211 255 251 123  55 109 250 255 255 193  62  57 183 255 255 254
 217 255 255 117  57 107 242 248 248 195  65  49 171 255 255 254
 225 255 252 119  49  59 105 115 115  93  49  47 165 255 255 254
 230 255 255 150  53  48  44  44  49  49  47  52 166 255 255 255
 233 255 255 177 103  91  78  72  78  83  80  78 189 255 255 254
 201 238 243 242 241 224 218 223 227 230 231 228 232 239 247 250
 182 189 189 186 184 183 189 188 190 188 183 183 184 187 187 184
 185 193 188 124  83 119 188 192 193 146  87  97 162 193 194 192
 180 193 191  93  33  84 195 196 195 125  36  38 152 194 194 193
 182 196 197  84  33  88 194 195 196 123  37  37 156 198 198 195
 187 198 196  82  32  84 195 194 195 129  37  36 157 197 196 197
 191 197 195  85  33  77 198 197 201 156  39  40 137 198 200 199
 193 199 197  95  33  73 199 201 200 151  38  38 133 198 199 198
 196 200 199 101  30  71 198 203 201 147  35  37 136 200 201 201
 201 201 201  98  35  79 201 205 203 147  35  42 146 203 203 203
 182 205 204  95  39  85 203 206 204 146  39  39 148 203 203 205
 178 208 206  89  37  88 202 203 202 146  36  40 148 206 206 209
 184 209 206  83  38  84 197 196 197 153  36  39 143 206 206 208
 190 209 207  91  37  45  80  82  81  66  37  38 143 211 210 208
 192 207 205 114  37  37  36  38  37  37  37  37 140 213 212 210
 197 206 202 140  90  82  70  59  65  72  71  67 158 212 209 207
 174 189 192 193 185 168 166 175 184 187 190 189 187 191 196 197
 183 189 191 189 186 186 190 189 188 188 182 183 187 188 185 181
 187 194 188 125  86 124 190 193 194 147  88  99 165 193 194 194
 185 197 192  93  34  86 196 197 194 126  35  34 150 196 198 195
 182 197 197  84  31  88 196 199 195 123  37  35 155 198 198 194
 186 198 194  82  32  85 197 197 197 131  37  34 157 199 198 197
 191 201 197  86  35  80 201 199 201 157  40  41 138 200 199 196
 195 201 197  96  33  75 202 204 203 153  39  39 132 198 199 199
 196 199 198 103  33  72 200 203 202 149  36  38 137 202 201 202
 201 203 201  99  37  82 205 209 204 148  37  44 146 201 200 204
 183 209 206  98  41  85 204 205 201 145  39  41 147 203 206 205
 179 211 207  93  38  88 204 206 204 147  36  41 149 210 208 206
 184 209 208  86  39  84 195 193 193 149  36  40 144 208 207 208
 192 211 207  92  36  44  79  82  81  64  35  38 142 211 210 210
 196 212 207 115  35  36  37  39  38  38  38  39 142 211 209 210
 200 211 206 145  96  87  76  66  69  76  76  75 164 214 212 210
 175 191 192 191 189 171 166 174 183 188 187 182 184 189 192 195

 208 239 246 252 251 254 254 254 255 255 254 254 254 255 254 250
 230 252 255 255 255 255 255 255 255 255 255 255 255 255 255 247
 237 253 254 252 255 255 253 254 255 255 255 255 255 255 255 239
 245 222 188 191 199 178 166 170 180 184 183 171 165 166 189 232
 243 159  60  54  57  54  52  54  60  52  57  49  47  52  78 228
 233 145  59  57  61  55  54  60  59  55  62  65  49  47  80 231
 231 207 164 161 174 191 188 196 185 182 193 195  93  49  83 230
 236 252 250 251 254 253 252 255 254 255 255 248 115  49  78 227
 244 252 253 254 255 255 254 255 255 255 255 248 115  44  72 223
 250 242 235 237 245 247 247 246 245 246 250 242 105  44  78 218
 237 158  99 104  99  92  90  99 105 106 109 107  59  48  91 224
 233 124  49  46  48  46  53  62  59  53  55  57  49  53 103 241
 243 177 136 122 129 127 142 150 135 130 123 117 119 150 177 242
 246 246 248 246 253 251 248 251 248 251 251 255 252 255 255 243
 238 244 249 248 254 254 254 255 255 255 255 255 255 255 255 238
 208 210 210 208 221 227 239 237 241 218 211 217 225 230 233 201
 184 192 193 195 197 199 198 201 203 205 209 208 208 210 207 197
 187 194 194 198 196 200 199 201 203 203 206 206 210 212 209 196
 187 193 194 198 197 198 198 200 203 203 206 206 211 213 212 191
 184 162 152 156 157 137 133 136 146 148 148 143 143 140 158 187
 183  97  38  37  36  40  38  37  42  39  40  39  38  37  67 189
 183  87  36  37  37  39  38  35  35  39  36  36  37  37  71 190
 188 146 125 123 129 156 151 147 147 146 146 153  66  37  72 187
 190 193 195 196 195 201 200 201 203 204 202 197  81  37  65 184
 188 192 196 195 194 197 201 203 205 206 203 196  82  38  59 175
 189 188 195 194 195 198 199 198 201 203 202 197  80  36  70 166
 183 119  84  88  84  77  73  71  79  85  88  84  45  37  82 168
 184  83  33  33  32  33  33  30  35  39  37  38  37  37  90 185
 186 124  93  84  82  85  95 101  98  95  89  83  91 114 140 193
 189 188 191 197 196 195 197 199 201 204 206 206 207 205 202 192
 189 193 193 196 198 197 199 200 201 205 208 209 209 207 206 189
 182 185 180 182 187 191 193 196 201 182 178 184 190 192 197 174
 181 194 195 194 197 196 199 202 204 205 206 208 210 210 210 195
 185 194 198 198 198 199 199 201 200 206 208 207 210 209 212 192
 188 193 196 198 199 200 198 202 201 203 210 208 211 211 214 189
 187 165 150 155 157 138 132 137 146 147 149 144 142 142 164 184
 183  99  34  35  34  41  39  38  44  41  41  40  38  39  75 182
 182  88  35  37  37  40  39  36  37  39  36  36  35  38  76 187
 188 147 126 123 131 157 153 149 148 145 147 149  64  38  76 188
 188 194 194 195 197 201 203 202 204 201 204 193  81  38  69 183
 189 193 197 199 197 199 204 203 209 205 206 193  82  39  66 174
 190 190 196 196 197 201 202 200 205 204 204 195  79  37  76 166
 186 124  86  88  85  80  75  72  82  85  88  84  44  36  87 171
 186  86  34  31  32  35  33  33  37  41  38  39  36  35  96 189
 189 125  93  84  82  86  96 103  99  98  93  86  92 115 145 191
 191 188 192 197 194 197 197 198 201 206 207 208 207 207 206 192
 189 194 197 197 198 201 201 199 203 209 211 209 211 212 211 191
 183 187 185 182 186 191 195 196 201 183 179 184 192 196 200 175

