 238 249 243 237 239 255 253 246 243 245 241 238 239 248 247 202
 247 255 255 255 255 255 255 255 255 255 255 255 255 255 255 219
 246 255 255 255 250 216 156 141 145 198 244 254 254 255 255 240
 247 255 254 237 123  56  51  49  48  53 112 222 254 255 255 234
 248 255 248 148  51  47  47  46  46  44  49 130 246 255 254 227
 254 253 213  67  52  51  49  44  38  40  43  56 188 251 254 218
 249 247 166  52  50  51  48  45  46  44  40  50 143 251 253 215
 244 249 145  54  52  49  50  45  42  41  40  45 122 247 254 215
 242 244 144  50  46  42  37  39  35  33  36  46 105 247 253 209
 235 247 208  63  50  47  43  40  40  43  48  61 169 243 249 203
 230 252 241 117  54  46  38  39  41  43  43 100 233 248 241 211
 227 248 249 219 109  50  38  39  36  46  95 216 250 249 244 227
 229 250 246 243 225 158  96  69  94 148 221 246 250 240 241 219
 233 242 239 240 243 244 240 240 243 238 236 236 241 241 239 200
 231 241 242 242 243 234 234 242 246 241 234 237 241 244 236 201
 216 234 238 237 230 225 229 234 241 239 235 222 224 230 222 197
 190 201 197 193 194 207 203 201 201 203 197 192 196 208 205 171
 208 212 212 210 210 216 211 210 210 212 214 213 213 214 213 184
 208 211 211 212 211 194 146 129 129 172 206 214 214 214 213 208
 208 207 208 202 106  45  39  38  38  39  97 195 210 209 209 203
 208 208 207 129  41  37  37  36  35  34  39 112 209 210 209 197
 206 205 182  52  37  36  35  36  36  37  36  41 158 209 209 189
 203 205 145  40  36  36  33  33  36  37  35  34 100 205 207 186
 201 199 117  39  35  37  37  34  36  36  34  36  84 202 207 185
 199 199 121  36  32  34  32  33  32  31  30  33  70 201 206 180
 193 199 170  39  31  32  31  32  30  28  29  30 129 203 204 172
 192 197 193  88  35  35  34  32  30  30  29  62 186 201 202 184
 192 194 193 175  80  33  30  30  31  29  45 167 197 198 202 198
 195 191 191 193 178 114  64  52  65 102 167 195 200 198 199 190
 188 191 192 193 194 191 186 187 188 191 193 194 195 196 195 180
 188 187 189 190 190 189 193 192 191 193 193 194 193 193 194 180
 183 184 184 186 186 188 188 185 184 190 186 185 186 190 192 181
 195 204 200 197 198 209 206 204 205 207 202 200 200 210 208 174
 213 219 218 218 220 220 218 219 220 222 221 221 221 222 221 189
 215 219 218 218 216 201 156 140 136 178 211 219 221 222 221 212
 213 215 217 210 121  57  41  39  42  46 101 199 219 219 220 208
 210 215 216 145  50  38  36  36  36  35  40 114 214 219 219 203
 211 211 189  61  39  37  36  38  36  37  36  42 162 217 219 199
 205 210 150  42  38  38  35  34  37  36  32  34 105 212 217 195
 205 203 118  39  37  38  38  38  37  36  34  35  87 209 215 190
 204 204 124  38  34  34  32  32  31  31  31  34  73 204 209 181
 197 202 173  41  32  33  32  32  31  30  32  33 130 207 212 176
 194 201 198  91  37  36  34  32  30  30  31  62 187 207 209 187
 193 198 200 179  81  36  30  30  30  30  47 166 202 207 208 199
 196 196 198 199 180 116  65  51  63  98 166 195 203 203 205 194
 192 195 197 199 197 196 191 190 190 194 199 201 200 201 201 184
 190 189 191 193 194 193 194 194 195 196 196 196 196 198 198 187
 186 187 189 191 190 192 192 189 189 193 191 191 193 196 196 186

 202 219 240 234 227 218 215 215 209 203 211 227 219 200 201 197
 247 255 255 255 254 254 253 254 253 249 241 244 241 239 236 222
 248 255 255 255 255 251 251 247 247 243 248 249 240 241 244 230
 239 255 254 254 246 188 143 122 105 169 233 250 250 241 241 224
 238 255 254 222 130  56  50  45  46  61 100 216 246 236 237 222
 241 255 244 112  49  43  40  40  36  48  43  95 221 236 234 235
 245 255 198  53  44  40  44  41  33  43  43  46 148 238 241 239
 243 255 145  48  46  38  46  42  35  40  41  36  94 243 246 241
 246 255 141  49  46  44  45  45  39  40  39  39  69 240 242 234
 253 255 156  51  47  49  48  50  37  43  38  38  96 240 234 229
 255 255 216  56  47  51  51  49  42  47  46  50 158 244 234 225
 239 255 250 123  51  52  50  52  46  50  54 109 225 243 243 230
 237 255 255 237 148  67  52  54  50  63 117 219 243 240 242 237
 243 255 255 254 248 213 166 145 144 208 241 249 246 239 242 238
 249 255 255 255 255 253 247 249 244 247 252 248 250 242 241 234
 238 247 246 247 248 254 249 244 242 235 230 227 229 233 231 216
 171 184 208 203 197 189 186 185 180 172 184 198 190 180 180 181
 205 213 213 209 209 209 207 207 206 204 202 202 199 195 194 192
 208 214 214 209 210 209 205 202 201 203 201 198 198 196 193 190
 196 213 214 210 209 158 100  84  70 129 186 197 200 195 193 186
 192 213 214 195 112  41  34  36  33  30  62 167 195 194 194 185
 197 214 206  97  39  36  35  34  30  29  29  45 167 193 193 186
 203 212 172  39  34  37  37  36  31  28  30  29 102 191 193 190
 201 210 129  38  35  36  36  36  32  30  30  31  65 188 191 184
 201 210 129  38  36  36  33  34  33  32  32  30  52 187 192 185
 203 211 146  39  37  35  33  37  32  31  34  30  64 186 193 188
 207 216 194  45  37  36  36  37  34  32  35  33 114 191 189 188
 194 210 211 106  41  37  36  35  32  31  35  80 178 194 190 186
 193 210 212 202 129  52  40  39  36  39  88 175 193 193 190 186
 197 212 211 208 207 182 145 117 121 170 193 193 191 192 189 184
 201 212 211 207 208 205 205 199 199 199 197 194 191 191 187 184
 190 208 208 208 208 206 203 201 199 193 192 192 195 188 188 183
 174 189 212 208 203 199 195 190 181 176 187 199 194 184 187 186
 208 221 221 220 219 219 217 215 209 212 209 208 205 201 198 196
 210 222 222 219 219 217 212 209 204 207 207 207 203 201 198 196
 200 221 221 219 214 162 105  87  73 130 187 202 203 200 196 193
 200 221 219 199 114  42  34  35  34  33  62 166 195 201 196 191
 202 221 211 101  40  36  32  34  31  32  31  47 166 199 196 191
 207 222 178  46  35  37  36  36  31  30  30  30  98 194 196 193
 205 220 136  42  36  36  37  37  31  31  30  30  63 190 195 189
 204 219 140  39  36  38  34  38  32  32  32  30  51 190 194 189
 206 218 156  41  36  36  35  38  32  32  34  30  65 191 194 192
 209 220 201  57  38  37  38  38  34  33  36  36 116 196 193 192
 198 220 216 121  50  39  38  37  34  32  37  81 180 197 194 190
 197 218 218 210 145  61  42  39  38  41  91 179 199 199 193 191
 200 218 218 217 216 189 150 118 124 173 198 200 198 197 191 189
 204 219 219 215 215 211 210 203 204 202 201 198 196 195 189 187
 195 213 215 213 210 211 205 205 204 197 194 193 196 192 190 186

 197 222 230 224 222 235 239 241 234 229 225 230 237 238 234 216
 201 236 244 241 237 234 241 246 242 234 234 243 242 242 241 231
 200 239 241 241 236 236 238 243 240 240 244 243 240 239 242 233
 219 241 240 250 246 221 148  94  69  96 158 225 243 246 250 229
 227 244 249 250 216  95  46  36  39  38  50 109 219 249 248 227
 211 241 248 233 100  43  43  41  39  38  46  54 117 241 252 230
 203 249 243 169  61  48  43  40  40  43  47  50  63 208 247 235
 209 253 247 105  46  36  33  35  39  37  42  46  50 144 244 242
 215 254 247 122  45  40  41  42  45  50  49  52  54 145 249 244
 215 253 251 143  50  40  44  46  45  48  51  50  52 166 247 249
 218 254 251 188  56  43  40  38  44  49  51  52  67 213 253 254
 227 254 255 246 130  49  44  46  46  47  47  51 148 248 255 248
 234 255 255 254 222 112  53  48  49  51  56 123 237 254 255 247
 240 255 255 254 254 244 198 145 141 156 216 250 255 255 255 246
 219 255 255 255 255 255 255 255 255 255 255 255 255 255 255 247
 202 247 248 239 238 241 245 243 246 253 255 239 237 243 249 238
 181 192 190 186 185 186 190 184 185 188 188 186 186 184 184 183
 180 194 193 193 194 193 193 191 192 193 189 190 190 189 187 188
 180 195 196 195 194 193 191 188 187 186 191 194 193 192 191 188
 190 199 198 200 195 167 102  65  52  64 114 178 193 191 191 195
 198 202 198 197 167  45  29  31  30  30  33  80 175 193 194 192
 184 202 201 186  62  29  30  30  32  34  35  35  88 193 197 192
 172 204 203 129  30  29  28  30  32  31  32  31  39 170 199 193
 180 206 201  70  33  30  31  32  33  32  34  32  36 121 199 199
 185 207 202  84  36  34  36  36  34  37  37  35  39 117 199 201
 186 207 205 100  34  35  37  36  33  33  36  36  40 145 205 203
 189 209 209 158  41  36  37  36  36  35  36  37  52 182 205 206
 197 209 210 209 112  39  34  35  36  37  37  41 129 207 208 208
 203 209 209 210 195  97  39  38  38  39  45 106 202 208 207 208
 208 213 214 214 214 206 172 129 129 146 194 211 212 211 211 208
 184 213 214 213 213 214 212 210 210 211 216 210 210 212 212 208
 171 205 208 196 192 197 203 201 201 203 207 194 193 197 201 190
 186 196 196 193 191 191 193 189 189 192 192 190 191 189 187 186
 187 198 198 196 196 196 196 195 194 194 193 194 193 191 189 190
 184 201 201 200 201 199 194 190 190 191 196 197 199 197 195 192
 194 205 203 203 195 166  98  63  51  65 116 180 199 198 196 196
 199 208 207 202 166  47  30  30  30  30  36  81 179 200 198 193
 187 209 207 187  62  31  30  30  32  34  36  37  91 198 201 194
 176 212 207 130  33  32  30  31  32  32  33  32  41 173 202 197
 181 209 204  73  34  31  31  31  32  32  34  34  38 124 204 204
 190 215 209  87  35  34  36  37  38  38  38  37  39 118 203 205
 195 217 212 105  34  32  36  37  34  35  38  38  42 150 210 205
 199 219 217 162  42  36  37  36  38  36  37  39  61 189 211 211
 203 219 219 214 114  40  35  36  36  36  38  50 145 216 215 210
 208 220 219 219 199 101  46  42  39  41  57 121 210 217 215 213
 212 221 222 221 219 211 178 136 140 156 201 216 218 218 219 215
 189 221 222 221 221 221 222 220 219 218 220 220 218 218 219 213
 174 208 210 200 200 202 207 205 204 206 209 198 197 200 204 195

 216 231 233 229 227 230 235 242 244 249 254 248 247 246 247 238
 234 241 242 250 248 252 247 244 249 247 253 255 255 255 255 249
 238 242 239 246 249 241 208 144 145 166 213 248 254 255 255 243
 237 242 240 243 219 117  63  50  54  52  67 148 237 255 255 237
 230 243 243 225 109  54  50  46  52  50  52  51 123 250 255 239
 225 234 244 158  50  46  47  42  49  51  51  47  56 216 255 255
 229 234 240  96  38  38  43  37  50  48  49  47  51 156 255 253
 234 242 240  69  39  39  40  39  45  45  44  46  49 141 255 246
 241 246 243  94  36  41  40  35  42  46  38  46  48 145 255 243
 239 241 238 148  46  43  43  33  41  44  40  44  53 198 255 245
 235 234 236 221  95  43  48  36  40  40  43  49 112 244 255 241
 222 237 236 246 216 100  61  46  45  50  56 130 222 254 255 238
 224 241 241 250 250 233 169 105 122 143 188 246 254 254 255 239
 230 244 241 240 249 248 243 247 247 251 251 255 255 255 255 248
 222 236 239 241 244 241 249 253 254 253 254 254 255 255 255 247
 197 201 200 219 227 211 203 209 215 215 218 227 234 240 219 202
 183 188 188 195 192 192 193 199 201 203 206 208 208 208 208 190
 184 187 191 191 194 197 199 199 199 205 205 208 207 211 212 201
 184 189 192 191 193 193 170 121 117 145 182 207 208 211 212 197
 186 190 193 193 175  88  39  36  39  40  52 129 202 212 210 193
 186 190 194 178  80  35  31  32  35  36  37  41 106 211 210 194
 188 189 191 114  33  35  32  34  37  36  36  37  45 194 216 207
 188 193 186  64  30  34  31  32  37  33  35  37  39 146 211 203
 185 192 187  52  30  32  32  33  34  33  36  36  38 129 210 201
 184 191 188  65  31  30  30  32  36  36  36  35  38 129 210 201
 190 193 191 102  29  30  28  31  36  37  37  34  39 172 212 203
 186 193 193 167  45  29  29  30  34  35  36  39  97 206 214 197
 185 194 194 195 167  62  30  33  36  34  41 112 195 214 213 192
 186 193 195 200 197 186 129  70  84 100 158 209 210 214 213 196
 190 193 196 198 198 201 203 201 202 205 209 210 209 214 214 208
 192 194 195 199 202 202 204 206 207 207 209 209 209 213 213 205
 181 180 180 190 198 184 172 180 185 186 189 197 203 208 184 171
 186 190 192 196 193 194 197 204 205 205 211 210 213 215 213 195
 187 189 195 196 198 201 202 204 203 210 211 215 215 219 219 204
 189 191 197 198 200 198 173 124 118 150 189 216 217 218 218 200
 191 193 199 199 179  91  41  38  39  42  61 145 210 218 218 197
 190 194 197 180  81  37  32  34  37  38  39  50 121 216 220 198
 192 193 196 116  36  36  33  34  38  38  37  38  57 201 220 209
 192 194 191  65  30  34  32  32  38  35  36  36  41 156 218 206
 189 194 190  51  30  32  32  32  38  34  38  36  39 140 219 204
 189 195 190  63  30  30  31  31  37  37  36  36  42 136 220 205
 193 196 194  98  30  30  30  31  36  36  37  35  46 178 222 207
 191 196 199 166  47  31  32  31  34  32  36  40 101 211 221 202
 191 196 201 195 166  62  33  34  35  34  42 114 199 219 221 200
 193 196 200 203 202 187 130  73  87 105 162 214 219 221 221 200
 196 198 201 203 207 207 207 204 209 212 217 219 219 222 222 210
 196 198 201 205 208 209 212 209 215 217 219 219 220 221 221 208
 186 187 184 194 199 187 176 181 190 195 199 203 208 212 189 174

