 213 236 231 208 161 131 203 220 216 225 240 240 236 226 214 173
 219 236 233 188  94  88 208 231 230 237 245 252 244 235 230 196
 228 245 237 168  82  95 129 131 139 193 227 244 236 232 232 198
 209 227 221 212 178 154 152 154 155 154 196 230 225 224 225 195
 194 214 178 113 111 120 127 152 165 188 214 231 234 233 231 195
 201 218 202 159 136 133 145 154 168 174 193 229 230 228 225 195
 200 195 147 184 198 181 154 150 158 173 181 217 233 235 229 190
 205 209 132  88  84  86 113 131 135 143 107 162 232 233 225 179
 199 217 203 179 177 198 222 222 217 204 138 142 218 226 224 191
 194 213 223 229 233 231 229 223 201 136 129 195 215 219 221 187
 198 219 224 224 224 223 213 195 125 139 199 221 222 218 209 171
 191 212 220 216 219 221 216 177  92 184 210 218 221 217 212 178
 193 210 211 214 219 227 222 184  91 172 205 215 212 216 217 178
 184 204 205 204 207 212 215 203 138  86 125 189 212 219 219 181
 183 207 208 208 212 217 216 211 200 133  96  76 127 173 212 176
 148 175 182 185 190 194 178 185 182 184 172 136 133 153 150 133
 128 132 132 135  96  61 122 131 129 135 133 131 133 134 134 118
 132 138 137 126  50  32 126 137 140 141 135 136 136 135 138 136
 126 131 134 101  29  40  85  96  98 121 134 139 136 136 138 134
 129 135 131 124  95  69  67  74  79  79 111 138 139 141 140 135
 132 139 110  52  74  92  90  98 111 114 128 137 138 138 137 131
 127 133 121  80  61  58  73  85  89  89 104 135 136 135 133 128
 122 114  70 104 112 103  98 100 100 106 114 133 136 135 136 125
 124 124  60  35  38  39  54  61  64  82  55  96 137 136 136 124
 123 131 117  93  88  97 113 123 127 125  73  73 134 135 132 125
 117 123 127 126 125 125 131 131 125  68  48 111 134 135 133 120
 115 121 126 127 128 130 131 128  68  57 106 131 133 133 135 115
 114 124 127 129 127 125 127 117  38 109 126 131 130 129 132 116
 111 124 123 123 125 126 124 110  30 101 122 131 130 131 129 114
 111 120 119 119 125 127 125 121  72  35  69 113 123 125 126 112
 110 117 117 119 121 118 121 122 113  60  39  37  78  97 125 111
  95 106 109 111 112 114 108 106 108 113 101  77  76  96 110  95
 110 115 118 117  86  60 113 116 113 120 123 121 118 118 116 107
 118 121 122 116  47  30 119 127 128 131 130 130 126 127 129 127
 117 119 122  96  30  41  81  92  95 118 129 132 128 125 127 128
 115 119 119 114  89  64  58  61  66  69 101 128 127 124 122 126
 115 115 101  56  73  89  87  92 107 107 118 127 122 121 123 123
 117 118 110  71  53  50  67  76  78  83  99 122 119 118 120 122
 112 107  69  99 104  97  95  96  94  99 109 125 125 126 124 117
 111 109  55  34  36  36  46  47  47  63  46  92 124 122 121 116
 110 112  98  78  73  83  98 101 105 113  70  71 122 123 119 118
 105 111 114 114 112 113 115 114 111  68  48  97 117 121 119 112
 104 113 113 110 112 117 118 116  65  54  94 113 117 117 117 105
 104 111 110 108 109 112 116 111  35  94 108 115 120 118 116 105
 101 110 111 108 108 111 110 105  31  93 110 114 112 114 116 108
  99 106 107 106 108 111 112 111  70  36  69 108 111 112 118 108
  96 101 101 105 109 111 110 109 102  52  34  38  78  96 119 106
  88  97  99 101 103 107 102 100 101 104  93  74  74  89 105  93

 173 196 198 195 195 195 190 179 191 187 171 178 178 181 176 133
 214 230 232 225 231 225 229 225 224 221 209 212 217 219 212 150
 226 235 232 224 233 228 235 233 226 219 218 217 216 219 173 153
 236 244 236 225 234 230 233 232 218 215 222 221 212 212 127 133
 240 252 244 230 231 229 217 162 142 195 221 218 215 189  76 136
 240 245 227 196 214 193 181 107 138 129 199 210 205 125  96 172
 225 237 193 154 188 174 173 143 204 136 139 184 172  86 133 184
 216 230 139 155 165 168 158 135 217 201 125  92  91 138 200 182
 220 231 131 154 152 154 150 131 222 223 195 177 184 203 211 185
 203 208 129 152 127 145 154 113 222 229 213 216 222 215 216 178
 131  88  95 154 120 133 181  86 198 231 223 221 227 212 217 194
 161  94  82 178 111 136 198  84 177 233 224 219 219 207 212 190
 208 188 168 212 113 159 184  88 179 229 224 216 214 204 208 185
 231 233 237 221 178 202 147 132 203 223 224 220 211 205 208 182
 236 236 245 227 214 218 195 209 217 213 219 212 210 204 207 175
 213 219 228 209 194 201 200 205 199 194 198 191 193 184 183 148
 118 136 134 135 131 128 125 124 125 120 115 116 114 112 111  95
 134 138 138 140 137 133 136 136 132 133 135 132 129 126 125 110
 134 135 136 141 138 135 135 136 135 135 133 129 131 125  97  96
 133 136 136 139 138 136 136 137 134 134 133 130 130 123  78  76
 131 136 139 138 137 135 133  96  73 111 131 131 131 113  37  77
 133 135 134 111 128 104 114  55  73  48 106 126 122  69  39 101
 135 141 121  79 114  89 106  82 125  68  57 109 101  35  60 113
 129 140  98  79 111  89 100  64 127 125  68  38  30  72 113 108
 131 137  96  74  98  85 100  61 123 131 128 117 110 121 122 106
 122 126  85  67  90  73  98  54 113 131 131 127 124 125 121 108
  61  32  40  69  92  58 103  39  97 125 130 125 126 127 118 114
  96  50  29  95  74  61 112  38  88 125 128 127 125 125 121 112
 135 126 101 124  52  80 104  35  93 126 127 129 123 119 119 111
 132 137 134 131 110 121  70  60 117 127 126 127 123 119 117 109
 132 138 131 135 139 133 114 124 131 123 121 124 124 120 117 106
 128 132 126 129 132 127 122 124 123 117 115 114 111 111 110  95
 107 127 128 126 123 122 117 116 118 112 105 105 108 108 106  93
 116 129 127 122 123 120 124 121 119 119 117 116 116 118 119 105
 118 127 125 124 121 118 126 122 123 121 117 118 114 112  96  89
 118 126 128 127 122 119 125 124 122 117 117 120 112 111  78  74
 121 130 132 128 127 122 125  92  71  97 113 115 114 108  38  74
 123 130 129 101 118  99 109  46  70  48  94 108 110  69  34  93
 120 131 118  69 107  83  99  63 113  68  54  94  93  36  52 104
 113 128  95  66 107  78  94  47 105 111  65  35  31  70 102 101
 116 127  92  61  92  76  96  47 101 114 116 111 105 111 109 100
 113 119  81  58  87  67  95  46  98 115 118 116 110 112 110 102
  60  30  41  64  89  50  97  36  83 113 117 112 111 111 111 107
  86  47  30  89  73  53 104  36  73 112 112 109 108 108 109 103
 117 116  96 114  56  71  99  34  78 114 110 108 108 106 105 101
 118 122 122 119 101 110  69  55  98 114 113 110 111 107 101  99
 115 121 119 119 115 118 107 109 112 111 113 111 110 106 101  97
 110 118 117 115 115 117 112 111 110 105 104 104 101  99  96  88

 133 150 153 133 136 172 184 182 185 178 194 190 185 182 175 148
 176 212 173 127  76  96 133 200 211 216 217 212 208 208 207 183
 181 219 219 212 189 125  86 138 203 215 212 207 204 205 204 184
 178 217 216 212 215 205 172  91 184 222 227 219 214 211 210 193
 178 212 217 221 218 210 184  92 177 216 221 219 216 220 212 191
 171 209 218 222 221 199 139 125 195 213 223 224 224 224 219 198
 187 221 219 215 195 129 136 201 223 229 231 233 229 223 213 194
 191 224 226 218 142 138 204 217 222 222 198 177 179 203 217 199
 179 225 233 232 162 107 143 135 131 113  86  84  88 132 209 205
 190 229 235 233 217 181 173 158 150 154 181 198 184 147 195 200
 195 225 228 230 229 193 174 168 154 145 133 136 159 202 218 201
 195 231 233 234 231 214 188 165 152 127 120 111 113 178 214 194
 195 225 224 225 230 196 154 155 154 152 154 178 212 221 227 209
 198 232 232 236 244 227 193 139 131 129  95  82 168 237 245 228
 196 230 235 244 252 245 237 230 231 208  88  94 188 233 236 219
 173 214 226 236 240 240 225 216 220 203 131 161 208 231 236 213
  95 110  96  76  77 101 113 108 106 108 114 112 111 109 106  95
 111 125  97  78  37  39  60 113 122 121 118 121 119 117 117 110
 112 126 125 123 113  69  35  72 121 125 127 125 119 119 120 111
 114 129 131 130 131 122 101  30 110 124 126 125 123 123 124 111
 116 132 129 130 131 126 109  38 117 127 125 127 129 127 124 114
 115 135 133 133 131 106  57  68 128 131 130 128 127 126 121 115
 120 133 135 134 111  48  68 125 131 131 125 125 126 127 123 117
 125 132 135 134  73  73 125 127 123 113  97  88  93 117 131 123
 124 136 136 137  96  55  82  64  61  54  39  38  35  60 124 124
 125 136 135 136 133 114 106 100 100  98 103 112 104  70 114 122
 128 133 135 136 135 104  89  89  85  73  58  61  80 121 133 127
 131 137 138 138 137 128 114 111  98  90  92  74  52 110 139 132
 135 140 141 139 138 111  79  79  74  67  69  95 124 131 135 129
 134 138 136 136 139 134 121  98  96  85  40  29 101 134 131 126
 136 138 135 136 136 135 141 140 137 126  32  50 126 137 138 132
 118 134 134 133 131 133 135 129 131 122  61  96 135 132 132 128
  93 105  89  74  74  93 104 101 100 102 107 103 101  99  97  88
 106 119  96  78  38  34  52 102 109 110 111 109 105 101 101  96
 108 118 112 111 108  69  36  70 111 112 111 108 106 107 106  99
 108 116 114 112 114 110  93  31 105 110 111 108 108 111 110 101
 105 116 118 120 115 108  94  35 111 116 112 109 108 110 111 104
 105 117 117 117 113  94  54  65 116 118 117 112 110 113 113 104
 112 119 121 117  97  48  68 111 114 115 113 112 114 114 111 105
 118 119 123 122  71  70 113 105 101  98  83  73  78  98 112 110
 116 121 122 124  92  46  63  47  47  46  36  36  34  55 109 111
 117 124 126 125 125 109  99  94  96  95  97 104  99  69 107 112
 122 120 118 119 122  99  83  78  76  67  50  53  71 110 118 117
 123 123 121 122 127 118 107 107  92  87  89  73  56 101 115 115
 126 122 124 127 128 101  69  66  61  58  64  89 114 119 119 115
 128 127 125 128 132 129 118  95  92  81  41  30  96 122 119 117
 127 129 127 126 130 130 131 128 127 119  30  47 116 122 121 118
 107 116 118 118 121 123 120 113 116 113  60  86 117 118 115 110

 148 183 184 193 191 198 194 199 205 200 201 194 209 228 219 213
 175 207 204 210 212 219 213 217 209 195 218 214 227 245 236 236
 182 208 205 211 220 224 223 203 132 147 202 178 221 237 233 231
 185 208 204 214 216 224 229 179  88 184 159 113 212 168 188 208
 190 212 207 219 219 224 233 177  84 198 136 111 178  82  94 161
 194 217 212 227 221 223 231 198  86 181 133 120 154  95  88 131
 178 216 215 222 216 213 229 222 113 154 145 127 152 129 208 203
 185 211 203 184 177 195 223 222 131 150 154 152 154 131 231 220
 182 200 138  91  92 125 201 217 135 158 168 165 155 139 230 216
 184 133  86 172 184 139 136 204 143 173 174 188 154 193 237 225
 172  96 125 205 210 199 129 138 107 181 193 214 196 227 245 240
 136  76 189 215 218 221 195 142 162 217 229 231 230 244 252 240
 133 127 212 212 221 222 215 218 232 233 230 234 225 236 244 236
 153 173 219 216 217 218 219 226 233 235 228 233 224 232 235 226
 150 212 219 217 212 209 221 224 225 229 225 231 225 232 230 214
 133 176 181 178 178 171 187 191 179 190 195 195 195 198 196 173
  95 110 111 111 114 115 117 123 124 122 127 132 129 126 132 128
 106 117 120 124 124 121 123 131 124 114 133 139 135 131 138 132
 109 117 119 123 127 126 127 117  60  70 121 110 131 134 137 132
 111 119 119 123 129 127 126  93  35 104  80  52 124 101 126 135
 112 121 125 125 127 128 125  88  38 112  61  74  95  29  50  96
 114 118 127 126 125 130 125  97  39 103  58  92  69  40  32  61
 108 121 125 124 127 131 131 113  54  98  73  90  67  85 126 122
 106 122 121 110 117 128 131 123  61 100  85  98  74  96 137 131
 108 113  72  30  38  68 125 127  64 100  89 111  79  98 140 129
 113  60  35 101 109  57  68 125  82 106  89 114  79 121 141 135
 101  39  69 122 126 106  48  73  55 114 104 128 111 134 135 133
  77  37 113 131 131 131 111  73  96 133 135 137 138 139 136 131
  76  78 123 130 130 133 134 134 137 136 136 138 139 136 136 133
  96  97 125 131 129 133 135 135 136 135 135 138 141 136 135 134
 110 125 126 129 132 135 133 132 136 136 133 137 140 138 138 134
  95 111 112 114 116 115 120 125 124 125 128 131 135 134 136 118
  88  96  99 101 104 104 105 110 111 112 117 115 115 117 118 110
  97 101 106 110 111 113 111 112 109 107 118 115 119 119 121 115
  99 101 107 111 110 113 114  98  55  69 110 101 119 122 122 118
 101 105 106 108 108 110 114  78  34  99  71  56 114  96 116 117
 103 109 108 108 109 112 112  73  36 104  53  73  89  30  47  86
 107 111 111 111 112 117 113  83  36  97  50  89  64  41  30  60
 102 110 112 110 116 118 115  98  46  95  67  87  58  81 119 113
 100 109 111 105 111 116 114 101  47  96  76  92  61  92 127 116
 101 102  70  31  35  65 111 105  47  94  78 107  66  95 128 113
 104  52  36  93  94  54  68 113  63  99  83 107  69 118 131 120
  93  34  69 110 108  94  48  70  46 109  99 118 101 129 130 123
  74  38 108 114 115 113  97  71  92 125 122 127 128 132 130 121
  74  78 111 112 120 117 117 122 124 125 119 122 127 128 126 118
  89  96 112 114 118 117 121 123 122 126 118 121 124 125 127 118
 105 119 118 116 116 117 119 119 121 124 120 123 122 127 129 116
  93 106 108 108 105 105 112 118 116 117 122 123 126 128 127 107

