 210 218 210 222 235 232 224 210 197 192 226 231 230 223 218 196
 246 255 255 255 255 255 255 255 254 255 255 255 255 255 255 236
 240 255 255 255 255 255 253 229 164 249 255 255 255 255 254 232
 235 255 255 255 255 255 237 144  64 210 250 255 255 255 252 229
 233 255 255 255 255 252 163  60  46 115 236 254 255 255 254 233
 241 254 254 255 254 232  81  37  35  60 193 251 254 255 254 234
 234 249 251 253 244 152  45  38  36  51 118 243 254 255 255 238
 226 246 252 253 215  73  42  35  32  37  53 175 248 255 252 233
 227 248 252 239 118  40  39  37  32  35  44  67 213 240 248 236
 221 241 238 193  58  38  39  40  34  39  46  50 152 239 251 239
 216 233 219 109  33  29  31  31  31  36  39  40  69 216 243 227
 217 225 151  47  39  39  37  34  31  32  33  35  40 124 224 217
 213 221 175 139 178 176 165 151 129 160 172 166 152 164 231 220
 206 224 231 237 234 235 238 239 241 241 236 235 232 232 240 221
 197 223 228 234 235 238 238 237 238 240 234 231 233 233 232 210
 186 218 215 209 215 230 233 225 223 231 235 230 227 226 227 206
 149 153 149 165 181 176 172 161 153 149 169 173 171 169 165 156
 185 192 191 193 194 192 194 194 190 194 194 195 195 194 194 189
 184 191 193 195 193 190 194 184 121 195 194 196 193 193 195 190
 184 192 191 192 191 191 192 119  39 171 195 192 190 192 195 191
 184 193 191 191 193 194 137  45  28  86 193 194 193 195 195 187
 186 189 191 191 191 185  64  28  28  31 147 193 190 192 194 189
 187 187 190 191 192 125  31  27  27  26  74 190 190 190 191 187
 187 190 187 188 178  58  27  24  25  25  30 139 191 192 194 188
 186 187 186 188 103  30  26  26  24  22  24  38 176 191 188 191
 181 182 183 164  43  25  25  25  22  23  21  20 110 186 187 189
 184 184 182  95  27  25  25  25  23  24  23  23  41 170 186 188
 179 182 132  39  26  25  26  26  24  24  25  25  21  94 183 186
 174 178 133 100 130 122 115 109  98 115 117 115 108 115 176 183
 171 178 176 175 175 174 173 174 177 178 177 178 178 179 177 180
 155 177 174 174 174 173 173 174 174 174 176 177 178 178 176 177
 151 170 170 172 170 171 171 172 167 167 168 169 172 172 173 171
 148 152 148 162 175 171 168 159 147 148 165 165 164 163 161 154
 188 195 191 191 190 188 191 189 186 191 191 190 187 189 191 190
 185 189 191 193 192 191 193 184 123 191 191 193 191 191 192 190
 186 193 193 194 191 191 194 126  46 172 194 193 193 194 195 190
 185 193 192 194 193 190 137  48  31  85 190 193 194 192 191 187
 188 190 192 193 193 187  67  30  28  32 149 192 189 190 188 187
 187 187 190 191 193 132  37  25  25  29  77 190 190 190 191 188
 188 190 190 189 179  64  28  21  21  23  30 138 189 187 187 185
 184 187 188 190 110  36  27  23  21  23  26  41 175 189 188 192
 181 182 182 165  50  26  24  25  22  24  23  22 110 185 188 191
 181 179 182 104  34  23  24  25  23  23  22  22  42 171 185 187
 177 181 134  44  26  25  23  23  21  23  25  26  23  94 183 185
 173 176 133 100 127 119 108 103  91 110 115 111 105 111 175 184
 167 176 174 174 175 176 176 175 176 175 171 171 172 173 176 179
 151 173 173 176 175 175 175 174 175 177 176 175 177 176 172 173
 150 169 168 169 172 174 173 172 170 170 171 172 174 174 174 170

 196 236 232 229 233 234 238 233 236 239 227 217 220 221 210 206
 218 255 254 252 254 254 255 252 248 251 243 224 231 240 232 227
 223 255 255 255 255 255 255 255 240 239 216 124 164 232 233 226
 230 255 255 255 255 254 254 248 213 152  69  40 152 232 233 227
 231 255 255 255 254 251 243 175  67  50  40  35 166 235 231 230
 226 255 255 250 236 193 118  53  44  46  39  33 172 236 234 235
 192 255 249 210 115  60  51  37  35  39  36  32 160 241 240 231
 197 254 164  64  46  35  36  32  32  34  31  31 129 241 238 223
 210 255 229 144  60  37  38  35  37  40  31  34 151 239 237 225
 224 255 253 237 163  81  45  42  39  39  31  37 165 238 238 233
 232 255 255 255 252 232 152  73  40  38  29  39 176 235 238 230
 235 255 255 255 255 254 244 215 118  58  33  39 178 234 235 215
 222 255 255 255 255 255 253 253 239 193 109  47 139 237 234 209
 210 255 255 255 255 254 251 252 252 238 219 151 175 231 228 215
 218 255 255 255 255 254 249 246 248 241 233 225 221 224 223 218
 210 246 240 235 233 241 234 226 227 221 216 217 213 206 197 186
 156 189 190 191 187 189 187 188 191 189 188 186 183 180 177 171
 165 194 195 195 195 194 191 194 188 187 186 183 176 177 176 173
 169 194 193 192 195 192 190 192 191 186 170  94 115 179 178 172
 171 195 193 190 193 190 190 191 176 110  41  21 108 178 178 172
 173 195 196 192 194 193 190 139  38  20  23  25 115 178 177 169
 169 194 194 195 193 147  74  30  24  21  23  25 117 177 176 168
 149 194 195 171  86  31  26  25  22  23  24  24 115 178 174 167
 153 190 121  39  28  28  27  25  24  22  23  24  98 177 174 167
 161 194 184 119  45  28  27  24  26  25  25  26 109 174 174 172
 172 194 194 192 137  64  31  27  26  25  25  26 115 173 173 171
 176 192 190 191 194 185 125  58  30  25  25  25 122 174 173 171
 181 194 193 191 193 191 192 178 103  43  27  26 130 175 174 170
 165 193 195 192 191 191 191 188 188 164  95  39 100 175 174 172
 149 191 193 191 191 191 190 187 186 183 182 132 133 176 174 170
 153 192 191 192 193 189 187 190 187 182 184 182 178 178 177 170
 149 185 184 184 184 186 187 187 186 181 184 179 174 171 155 151
 154 190 190 190 187 187 188 185 192 191 187 185 184 179 173 170
 161 191 192 195 191 188 191 187 188 188 185 183 175 176 172 174
 163 189 191 194 192 190 190 187 189 185 171  94 111 173 176 174
 164 187 191 193 194 189 190 189 175 110  42  23 105 172 177 174
 165 190 193 193 193 192 190 138  41  22  22  26 111 171 175 172
 165 191 191 194 190 149  77  30  26  23  22  25 115 171 176 171
 148 191 191 172  85  32  29  23  23  24  23  23 110 175 177 170
 147 186 123  46  31  28  25  21  21  22  23  21  91 176 175 170
 159 189 184 126  48  30  25  21  23  25  25  23 103 175 174 172
 168 191 193 194 137  67  37  28  27  24  24  23 108 176 175 173
 171 188 191 191 190 187 132  64  36  26  23  25 119 176 175 174
 175 190 192 191 193 193 193 179 110  50  34  26 127 175 175 172
 162 191 193 194 194 193 191 189 190 165 104  44 100 174 176 169
 148 191 191 193 192 192 190 190 188 182 182 134 133 174 173 168
 152 195 189 193 193 190 187 190 187 182 179 181 176 176 173 169
 148 188 185 186 185 188 187 188 184 181 181 177 173 167 151 150

 206 227 226 227 230 235 231 223 225 233 230 215 209 215 218 186
 210 232 233 233 231 234 240 238 237 238 238 235 234 228 223 197
 221 240 232 232 235 236 241 241 239 238 235 234 237 231 224 206
 220 231 164 152 166 172 160 129 151 165 176 178 139 175 221 213
 217 224 124  40  35  33  32  31  34  37  39  39  47 151 225 217
 227 243 216  69  40  39  36  31  31  31  29  33 109 219 233 216
 239 251 239 152  50  46  39  34  40  39  38  58 193 238 241 221
 236 248 240 213  67  44  35  32  37  39  40 118 239 252 248 227
 233 252 255 248 175  53  37  32  35  42  73 215 253 252 246 226
 238 255 255 254 243 118  51  36  38  45 152 244 253 251 249 234
 234 254 255 254 251 193  60  35  37  81 232 254 255 254 254 241
 233 254 255 255 254 236 115  46  60 163 252 255 255 255 255 233
 229 252 255 255 255 250 210  64 144 237 255 255 255 255 255 235
 232 254 255 255 255 255 249 164 229 253 255 255 255 255 255 240
 236 255 255 255 255 255 255 254 255 255 255 255 255 255 255 246
 196 218 223 230 231 226 192 197 210 224 232 235 222 210 218 210
 171 173 172 172 169 168 167 167 172 171 171 170 172 170 170 151
 177 176 178 178 177 176 174 174 174 173 173 174 174 174 177 155
 180 177 179 178 178 177 178 177 174 173 174 175 175 176 178 171
 183 176 115 108 115 117 115  98 109 115 122 130 100 133 178 174
 186 183  94  21  25  25  24  24  26  26  25  26  39 132 182 179
 188 186 170  41  23  23  24  23  25  25  25  27  95 182 184 184
 189 187 186 110  20  21  23  22  25  25  25  43 164 183 182 181
 191 188 191 176  38  24  22  24  26  26  30 103 188 186 187 186
 188 194 192 191 139  30  25  25  24  27  58 178 188 187 190 187
 187 191 190 190 190  74  26  27  27  31 125 192 191 190 187 187
 189 194 192 190 193 147  31  28  28  64 185 191 191 191 189 186
 187 195 195 193 194 193  86  28  45 137 194 193 191 191 193 184
 191 195 192 190 192 195 171  39 119 192 191 191 192 191 192 184
 190 195 193 193 196 194 195 121 184 194 190 193 195 193 191 184
 189 194 194 195 195 194 194 190 194 194 192 194 193 191 192 185
 156 165 169 171 173 169 149 153 161 172 176 181 165 149 153 149
 170 174 174 174 172 171 170 170 172 173 174 172 169 168 169 150
 173 172 176 177 175 176 177 175 174 175 175 175 176 173 173 151
 179 176 173 172 171 171 175 176 175 176 176 175 174 174 176 167
 184 175 111 105 111 115 110  91 103 108 119 127 100 133 176 173
 185 183  94  23  26  25  23  21  23  23  25  26  44 134 181 177
 187 185 171  42  22  22  23  23  25  24  23  34 104 182 179 181
 191 188 185 110  22  23  24  22  25  24  26  50 165 182 182 181
 192 188 189 175  41  26  23  21  23  27  36 110 190 188 187 184
 185 187 187 189 138  30  23  21  21  28  64 179 189 190 190 188
 188 191 190 190 190  77  29  25  25  37 132 193 191 190 187 187
 187 188 190 189 192 149  32  28  30  67 187 193 193 192 190 188
 187 191 192 194 193 190  85  31  48 137 190 193 194 192 193 185
 190 195 194 193 193 194 172  46 126 194 191 191 194 193 193 186
 190 192 191 191 193 191 191 123 184 193 191 192 193 191 189 185
 190 191 189 187 190 191 191 186 189 191 188 190 191 191 195 188
 154 161 163 164 165 165 148 147 159 168 171 175 162 148 152 148

 186 197 206 213 217 216 221 227 226 234 241 233 235 240 246 210
 218 223 224 221 225 233 241 248 246 249 254 255 255 255 255 218
 215 228 231 175 151 219 238 252 252 251 254 255 255 255 255 210
 209 234 237 139  47 109 193 239 253 253 255 255 255 255 255 222
 215 235 234 178  39  33  58 118 215 244 254 255 255 255 255 235
 230 238 235 176  39  29  38  40  73 152 232 252 255 255 255 232
 233 238 238 165  37  31  39  39  42  45  81 163 237 253 255 224
 225 237 239 151  34  31  40  37  35  38  37  60 144 229 255 210
 223 238 241 129  31  31  34  32  32  36  35  46  64 164 254 197
 231 240 241 160  32  36  39  35  37  51  60 115 210 249 255 192
 235 234 236 172  33  39  46  44  53 118 193 236 250 255 255 226
 230 231 235 166  35  40  50  67 175 243 251 254 255 255 255 231
 227 233 232 152  40  69 152 213 248 254 254 255 255 255 255 230
 226 233 232 164 124 216 239 240 255 255 255 255 255 255 255 223
 227 232 240 231 224 243 251 248 252 255 254 254 252 254 255 218
 206 210 221 220 217 227 239 236 233 238 234 233 229 232 236 196
 151 155 171 174 179 184 181 186 187 187 186 184 184 184 185 149
 170 177 178 178 182 184 182 187 190 187 189 193 192 191 192 153
 170 174 176 133 132 182 183 186 187 190 191 191 191 193 191 149
 172 174 175 100  39  95 164 188 188 191 191 191 192 195 193 165
 170 174 175 130  26  27  43 103 178 192 191 193 191 193 194 181
 171 173 174 122  25  25  25  30  58 125 185 194 191 190 192 176
 171 173 173 115  26  25  25  26  27  31  64 137 192 194 194 172
 172 174 174 109  26  25  25  26  24  27  28  45 119 184 194 161
 167 174 177  98  24  23  22  24  25  27  28  28  39 121 190 153
 167 174 178 115  24  24  23  22  25  26  31  86 171 195 194 149
 168 176 177 117  25  23  21  24  30  74 147 193 195 194 194 169
 169 177 178 115  25  23  20  38 139 190 193 194 192 196 195 173
 172 178 178 108  21  41 110 176 191 190 190 193 190 193 195 171
 172 178 179 115  94 170 186 191 192 190 192 195 192 193 194 169
 173 176 177 176 183 186 187 188 194 191 194 195 195 195 194 165
 171 177 180 183 186 188 189 191 188 187 189 187 191 190 189 156
 150 151 167 173 177 181 181 184 188 187 188 185 186 185 188 148
 169 173 176 176 181 179 182 187 190 187 190 193 193 189 195 152
 168 173 174 133 134 182 182 188 190 190 192 192 193 191 191 148
 169 176 174 100  44 104 165 190 189 191 193 194 194 193 191 162
 172 175 175 127  26  34  50 110 179 193 193 193 191 192 190 175
 174 175 176 119  25  23  26  36  64 132 187 190 191 191 188 171
 173 175 176 108  23  24  24  27  28  37  67 137 194 193 191 168
 172 174 175 103  23  25  25  23  21  25  30  48 126 184 189 159
 170 175 176  91  21  23  22  21  21  25  28  31  46 123 186 147
 170 177 175 110  23  23  24  23  23  29  32  85 172 191 191 148
 171 176 171 115  25  22  23  26  30  77 149 190 194 191 191 165
 172 175 171 111  26  22  22  41 138 190 192 193 193 193 190 165
 174 177 172 105  23  42 110 175 189 190 189 194 193 191 187 164
 174 176 173 111  94 171 185 189 187 190 190 192 194 191 189 163
 174 172 176 175 183 185 188 188 187 191 188 191 195 192 191 161
 170 173 179 184 185 187 191 192 185 188 187 187 190 190 190 154

