 129 123 118 117 117 113 120 135 131 119 108 100  89  79  74  68
 255 255 255 255 255 254 251 249 255 255 255 255 255 254 251 229
 255 255 255 255 255 255 255 255 255 255 255 255 255 255 255 243
 255 255 255 255 255 255 255 255 255 255 255 255 255 255 255 240
 255 255 255 255 255 255 255 255 255 255 255 255 255 255 255 239
 254 153 137 158 207 255 192 167 143 180 254 197 172 180 210 223
 250  77  52  64 151 255 106  63  71 130 249 124  66  65 115 217
 246  68  47  58 172 252 114  58  61 115 244 116  58  59 102 222
 246  94  49  59 173 252 111  61  65  97 246 113  56  55  97 197
 247 105  53  54 139 251  98  54  60  79 239 105  52  49  91 197
 248 107  54  58 148 248  98  50  57  84 242 101  47  49  92 199
 251 123  79  67 153 250  97  53  57  83 234  99  56  57 101 218
 241 148 104  91 110 141  99  98 110 128 167 118 105 113 131 208
 240  90  52  48  43  45  49  47  46  47  50  50  42  40  83 197
 240 110  48  51  42  39  44  45  43  44  44  48  45  43  79 194
 239 145  82  72  62  71  76  73  70  77  79  76  65  66 103 193
  94  89  81  77  75  70  82 101  98  85  72  63  57  53  50  46
 229 228 226 223 221 218 212 210 211 211 211 208 205 206 208 197
 235 229 228 227 224 225 225 222 221 220 219 216 217 218 219 209
 232 228 226 224 221 220 219 219 218 221 215 217 217 215 217 204
 225 222 218 218 218 218 213 215 216 217 217 214 214 215 212 200
 212 121 121 131 165 216 162 155 133 150 213 161 144 150 172 193
 210  56  45  45 113 223  85  49  55  99 209  98  53  52  85 189
 210  51  39  42 137 218  93  43  45  89 208  92  45  40  62 191
 213  74  40  42 134 211  84  41  41  61 203  86  44  37  61 169
 207  77  37  37 107 213  78  41  41  52 204  82  41  38  63 170
 203  75  36  35 104 206  77  39  39  54 204  78  39  37  61 172
 202  80  45  42 108 201  70  38  38  56 202  75  37  35  59 186
 202 124  90  82 102 133  89  77  78  91 146 107  87  88  99 185
 206  68  36  34  34  36  37  38  40  40  40  36  35  37  61 177
 208  91  35  35  32  32  35  34  35  35  33  36  34  31  59 178
 198 107  49  45  44  49  49  45  42  44  43  40  42  45  74 176
  99  94  86  81  79  74  85 100  96  85  74  68  64  58  52  48
 225 222 221 218 217 214 207 205 207 211 215 212 207 203 202 193
 230 227 227 227 226 225 223 223 223 222 223 220 220 219 219 212
 232 228 225 224 224 226 224 221 221 225 220 221 220 219 220 206
 224 224 221 222 224 224 220 219 218 219 219 218 218 219 217 204
 214 126 129 138 169 218 168 160 138 153 214 167 154 161 179 196
 211  54  43  45 114 224  88  52  58 102 209  98  59  59  90 190
 210  50  39  42 137 216  94  45  47  91 208  91  46  42  65 191
 210  72  41  45 135 210  85  43  43  65 205  86  45  40  64 171
 209  80  38  38 107 210  78  42  42  55 205  82  41  39  65 170
 205  78  39  37 105 204  78  40  41  57 207  80  40  38  62 173
 204  81  45  39 108 202  75  42  41  58 203  76  38  35  61 186
 202 125  93  88 105 136  93  80  80  91 145 105  85  86  97 183
 207  70  39  37  35  38  39  39  40  40  41  37  36  37  61 176
 208  92  37  35  31  31  33  35  36  36  34  37  35  32  59 176
 200 108  51  46  44  49  52  48  44  45  43  41  41  44  74 174

  68 229 243 240 239 223 217 222 197 197 199 218 208 197 194 193
  74 251 255 255 255 210 115 102  97  91  92 101 131  83  79 103
  79 254 255 255 255 180  65  59  55  49  49  57 113  40  43  66
  89 255 255 255 255 172  66  58  56  52  47  56 105  42  45  65
 100 255 255 255 255 197 124 116 113 105 101  99 118  50  48  76
 108 255 255 255 255 254 249 244 246 239 242 234 167  50  44  79
 119 255 255 255 255 180 130 115  97  79  84  83 128  47  44  77
 131 255 255 255 255 143  71  61  65  60  57  57 110  46  43  70
 135 249 255 255 255 167  63  58  61  54  50  53  98  47  45  73
 120 251 255 255 255 192 106 114 111  98  98  97  99  49  44  76
 113 254 255 255 255 255 255 252 252 251 248 250 141  45  39  71
 117 255 255 255 255 207 151 172 173 139 148 153 110  43  42  62
 117 255 255 255 255 158  64  58  59  54  58  67  91  48  51  72
 118 255 255 255 255 137  52  47  49  53  54  79 104  52  48  82
 123 255 255 255 255 153  77  68  94 105 107 123 148  90 110 145
 129 255 255 255 255 254 250 246 246 247 248 251 241 240 240 239
  46 197 209 204 200 193 189 191 169 170 172 186 185 177 178 176
  50 208 219 217 212 172  85  62  61  63  61  59  99  61  59  74
  53 206 218 215 215 150  52  40  37  38  37  35  88  37  31  45
  57 205 217 217 214 144  53  45  44  41  39  37  87  35  34  42
  63 208 216 217 214 161  98  92  86  82  78  75 107  36  36  40
  72 211 219 215 217 213 209 208 203 204 204 202 146  40  33  43
  85 211 220 221 217 150  99  89  61  52  54  56  91  40  35  44
  98 211 221 218 216 133  55  45  41  41  39  38  78  40  35  42
 101 210 222 219 215 155  49  43  41  41  39  38  77  38  34  45
  82 212 225 219 213 162  85  93  84  78  77  70  89  37  35  49
  70 218 225 220 218 216 223 218 211 213 206 201 133  36  32  49
  75 221 224 221 218 165 113 137 134 107 104 108 102  34  32  44
  77 223 227 224 218 131  45  42  42  37  35  42  82  34  35  45
  81 226 228 226 218 121  45  39  40  37  36  45  90  36  35  49
  89 228 229 228 222 121  56  51  74  77  75  80 124  68  91 107
  94 229 235 232 225 212 210 210 213 207 203 202 202 206 208 198
  48 193 212 206 204 196 190 191 171 170 173 186 183 176 176 174
  52 202 219 220 217 179  90  65  64  65  62  61  97  61  59  74
  58 203 219 219 219 161  59  42  40  39  38  35  86  37  32  44
  64 207 220 220 218 154  59  46  45  41  40  38  85  36  35  41
  68 212 220 221 218 167  98  91  86  82  80  76 105  37  37  41
  74 215 223 220 219 214 209 208 205 205 207 203 145  41  34  43
  85 211 222 225 219 153 102  91  65  55  57  58  91  40  36  45
  96 207 223 221 218 138  58  47  43  42  41  41  80  40  36  44
 100 205 223 221 219 160  52  45  43  42  40  42  80  39  35  48
  85 207 223 224 220 168  88  94  85  78  78  75  93  39  33  52
  74 214 225 226 224 218 224 216 210 210 204 202 136  38  31  49
  79 217 226 224 224 169 114 137 135 107 105 108 105  35  31  44
  81 218 227 224 222 138  45  42  45  38  37  39  88  37  35  46
  86 221 227 225 221 129  43  39  41  38  39  45  93  39  37  51
  94 222 227 228 224 126  54  50  72  80  78  81 125  70  92 108
  99 225 230 232 224 214 211 210 210 209 205 204 202 207 208 200

 193 103  66  65  76  79  77  70  73  76  71  62  72  82 145 239
 194  79  43  45  48  44  44  43  45  44  39  42  51  48 110 240
 197  83  40  42  50  50  47  46  47  49  45  43  48  52  90 240
 208 131 113 105 118 167 128 110  98  99 141 110  91 104 148 241
 218 101  57  56  99 234  83  57  53  97 250 153  67  79 123 251
 199  92  49  47 101 242  84  57  50  98 248 148  58  54 107 248
 197  91  49  52 105 239  79  60  54  98 251 139  54  53 105 247
 197  97  55  56 113 246  97  65  61 111 252 173  59  49  94 246
 222 102  59  58 116 244 115  61  58 114 252 172  58  47  68 246
 217 115  65  66 124 249 130  71  63 106 255 151  64  52  77 250
 223 210 180 172 197 254 180 143 167 192 255 207 158 137 153 254
 239 255 255 255 255 255 255 255 255 255 255 255 255 255 255 255
 240 255 255 255 255 255 255 255 255 255 255 255 255 255 255 255
 243 255 255 255 255 255 255 255 255 255 255 255 255 255 255 255
 229 251 254 255 255 255 255 255 249 251 254 255 255 255 255 255
  68  74  79  89 100 108 119 131 135 120 113 117 117 118 123 129
 176  74  45  42  40  43  44  42  45  49  49  44  45  49 107 198
 178  59  31  34  36  33  35  35  34  35  32  32  35  35  91 208
 177  61  37  35  36  40  40  40  38  37  36  34  34  36  68 206
 185  99  88  87 107 146  91  78  77  89 133 102  82  90 124 202
 186  59  35  37  75 202  56  38  38  70 201 108  42  45  80 202
 172  61  37  39  78 204  54  39  39  77 206 104  35  36  75 203
 170  63  38  41  82 204  52  41  41  78 213 107  37  37  77 207
 169  61  37  44  86 203  61  41  41  84 211 134  42  40  74 213
 191  62  40  45  92 208  89  45  43  93 218 137  42  39  51 210
 189  85  52  53  98 209  99  55  49  85 223 113  45  45  56 210
 193 172 150 144 161 213 150 133 155 162 216 165 131 121 121 212
 200 212 215 214 214 217 217 216 215 213 218 218 218 218 222 225
 204 217 215 217 217 215 221 218 219 219 220 221 224 226 228 232
 209 219 218 217 216 219 220 221 222 225 225 224 227 228 229 235
 197 208 206 205 208 211 211 211 210 212 218 221 223 226 228 229
  46  50  53  57  63  72  85  98 101  82  70  75  77  81  89  94
 174  74  44  41  41  43  45  44  48  52  49  44  46  51 108 200
 176  59  32  35  37  34  36  36  35  33  31  31  35  37  92 208
 176  61  37  36  37  41  40  40  39  39  38  35  37  39  70 207
 183  97  86  85 105 145  91  80  80  93 136 105  88  93 125 202
 186  61  35  38  76 203  58  41  42  75 202 108  39  45  81 204
 173  62  38  40  80 207  57  41  40  78 204 105  37  39  78 205
 170  65  39  41  82 205  55  42  42  78 210 107  38  38  80 209
 171  64  40  45  86 205  65  43  43  85 210 135  45  41  72 210
 191  65  42  46  91 208  91  47  45  94 216 137  42  39  50 210
 190  90  59  59  98 209 102  58  52  88 224 114  45  43  54 211
 196 179 161 154 167 214 153 138 160 168 218 169 138 129 126 214
 204 217 219 218 218 219 219 218 219 220 224 224 222 221 224 224
 206 220 219 220 221 220 225 221 221 224 226 224 224 225 228 232
 212 219 219 220 220 223 222 223 223 223 225 226 227 227 227 230
 193 202 203 207 212 215 211 207 205 207 214 217 218 221 222 225
  48  52  58  64  68  74  85  96 100  85  74  79  81  86  94  99

 239 240 240 241 251 248 247 246 246 250 254 255 255 255 255 129
 145 110  90 148 123 107 105  94  68  77 153 255 255 255 255 123
  82  48  52 104  79  54  53  49  47  52 137 255 255 255 255 118
  72  51  48  91  67  58  54  59  58  64 158 255 255 255 255 117
  62  42  43 110 153 148 139 173 172 151 207 255 255 255 255 117
  71  39  45 141 250 248 251 252 252 255 255 255 255 255 254 113
  76  44  49  99  97  98  98 111 114 106 192 255 255 255 251 120
  73  45  47  98  53  50  54  61  58  63 167 255 255 255 249 135
  70  43  46 110  57  57  60  65  61  71 143 255 255 255 255 131
  77  44  47 128  83  84  79  97 115 130 180 255 255 255 255 119
  79  44  50 167 234 242 239 246 244 249 254 255 255 255 255 108
  76  48  50 118  99 101 105 113 116 124 197 255 255 255 255 100
  65  45  42 105  56  47  52  56  58  66 172 255 255 255 255  89
  66  43  40 113  57  49  49  55  59  65 180 255 255 255 254  79
 103  79  83 131 101  92  91  97 102 115 210 255 255 255 251  74
 193 194 197 208 218 199 197 197 222 217 223 239 240 243 229  68
 198 208 206 202 202 203 207 213 210 210 212 225 232 235 229  94
 107  91  68 124  80  75  77  74  51  56 121 222 228 229 228  89
  49  35  36  90  45  36  37  40  39  45 121 218 226 228 226  81
  45  35  34  82  42  35  37  42  42  45 131 218 224 227 223  77
  44  32  34 102 108 104 107 134 137 113 165 218 221 224 221  75
  49  32  36 133 201 206 213 211 218 223 216 218 220 225 218  70
  49  35  37  89  70  77  78  84  93  85 162 213 219 225 212  82
  45  34  38  77  38  39  41  41  43  49 155 215 219 222 210 101
  42  35  40  78  38  39  41  41  45  55 133 216 218 221 211  98
  44  35  40  91  56  54  52  61  89  99 150 217 221 220 211  85
  43  33  40 146 202 204 204 203 208 209 213 217 215 219 211  72
  40  36  36 107  75  78  82  86  92  98 161 214 217 216 208  63
  42  34  35  87  37  39  41  44  45  53 144 214 217 217 205  57
  45  31  37  88  35  37  38  37  40  52 150 215 215 218 206  53
  74  59  61  99  59  61  63  61  62  85 172 212 217 219 208  50
 176 178 177 185 186 172 170 169 191 189 193 200 204 209 197  46
 200 208 207 202 204 205 209 210 210 211 214 224 232 230 225  99
 108  92  70 125  81  78  80  72  50  54 126 224 228 227 222  94
  51  37  39  93  45  39  38  41  39  43 129 221 225 227 221  86
  46  35  37  88  39  37  38  45  42  45 138 222 224 227 218  81
  44  31  35 105 108 105 107 135 137 114 169 224 224 226 217  79
  49  31  38 136 202 204 210 210 216 224 218 224 226 225 214  74
  52  33  39  93  75  78  78  85  94  88 168 220 224 223 207  85
  48  35  39  80  42  40  42  43  45  52 160 219 221 223 205 100
  44  36  40  80  41  41  42  43  47  58 138 218 221 223 207  96
  45  36  40  91  58  57  55  65  91 102 153 219 225 222 211  85
  43  34  41 145 203 207 205 205 208 209 214 219 220 223 215  74
  41  37  37 105  76  80  82  86  91  98 167 218 221 220 212  68
  41  35  36  85  38  40  41  45  46  59 154 218 220 220 207  64
  44  32  37  86  35  38  39  40  42  59 161 219 219 219 203  58
  74  59  61  97  61  62  65  64  65  90 179 217 220 219 202  52
 174 176 176 183 186 173 170 171 191 190 196 204 206 212 193  48

