 158 153 149 159 144 141 148 157 157 165 160 161 164 163 164 170
 166  97  46  57  39  38  49  56  53  64  61  60  57  69 145 177
 168  88  25  25  22  20  19  13  16  22  23  19  17  26 134 170
 173 126  72  70  61  60  60  17  13  27  38  34  48  49 140 172
 173 175 171 168 160 146  73  11  15  58 152 152 158 161 173 171
 170 168 170 173 165 120  25  14  17  27 124 172 171 174 173 168
 168 167 168 166 154  67  14  12  14  19  40 155 170 169 170 163
 172 174 173 166 103  10  11   9  10  15  17  85 169 172 170 158
 165 170 163 134  24   0   0   5  10  14  14  22 138 169 167 150
 164 169 158  78   6   8  10  13  10  13  12  12  56 164 169 155
 164 169 151  39  14  13  11  11  10  14  13  13  22 120 170 154
 161 157 102  66  63  57  53  47  39  64  63  55  50  77 162 163
 163 166 163 168 164 161 161 156 152 155 161 148 143 149 164 156
 160 169 171 171 167 162 164 163 161 164 169 166 162 165 164 160
 160 169 169 168 165 161 163 165 162 163 164 163 164 165 166 163
 131 141 142 148 153 148 142 148 149 148 129 137 142 148 146 141
 161 161 157 163 154 158 164 168 164 168 167 167 168 168 169 173
 168 101  48  60  44  47  56  61  61  78  72  73  69  75 147 178
 171  90  26  27  28  26  24  19  21  25  28  27  25  30 137 175
 175 126  67  67  62  61  62  19  17  28  37  36  51  49 140 174
 175 175 169 170 168 160  90  20  18  59 152 151 160 163 173 172
 173 174 173 175 176 135  36  17  19  28 124 173 177 177 176 171
 172 174 175 175 168  79  20  16  17  20  41 155 170 173 175 168
 175 176 173 172 119  21  17  17  13  16  20  88 172 173 175 167
 166 173 172 149  41  17  15  15  14  19  15  21 141 174 175 164
 164 170 169  96  20  18  17  15  13  18  17  17  59 167 174 163
 163 172 160  42  13  18  18  19  16  20  19  17  23 120 174 163
 165 166 110  63  61  57  51  48  42  62  63  56  49  74 161 167
 162 164 162 168 164 162 162 160 158 161 165 149 145 149 166 164
 159 167 169 171 171 168 170 172 169 168 170 170 170 173 169 166
 163 169 166 166 168 169 170 171 169 169 170 166 165 167 166 165
 135 144 142 145 156 156 152 159 159 158 146 150 152 156 154 152
 173 181 178 189 192 192 191 189 185 194 193 195 194 191 191 193
 184 132  91 105  79  77  85  87  87 110 114 117 109 106 166 192
 185 110  41  35  31  35  38  38  38  39  41  39  40  41 148 189
 191 144  80  74  68  65  72  39  34  38  45  43  55  54 150 185
 187 198 194 194 190 181 118  47  41  73 158 161 178 186 200 200
 187 201 201 203 205 169  73  38  38  46 142 197 206 208 208 200
 188 204 205 206 204 122  57  37  38  40  58 178 206 210 208 199
 184 195 197 202 156  64  49  41  42  37  36 110 202 211 205 192
 173 196 202 183  78  44  38  40  38  38  36  40 157 200 203 192
 178 201 202 128  51  42  40  40  38  37  36  35  77 188 201 191
 176 197 188  78  40  39  38  37  34  33  34  35  42 134 192 188
 176 187 139  82  68  66  59  50  43  64  66  64  61  87 182 192
 182 187 175 176 180 183 178 170 161 169 175 161 157 158 182 188
 173 190 190 191 194 194 197 199 202 201 196 194 197 201 197 192
 171 190 194 195 192 193 193 196 198 197 192 195 198 197 193 186
 153 176 180 180 179 181 183 193 191 188 178 179 185 190 187 181

 170 177 170 172 171 168 163 158 150 155 154 163 156 160 163 141
 164 145 134 140 173 173 170 170 167 169 170 162 164 164 166 146
 163  69  26  49 161 174 169 172 169 164 120  77 149 165 165 148
 164  57  17  48 158 171 170 169 138  56  22  50 143 162 164 142
 161  60  19  34 152 172 155  85  22  12  13  55 148 166 163 137
 160  61  23  38 152 124  40  17  14  12  13  63 161 169 164 129
 165  64  22  27  58  27  19  15  14  13  14  64 155 164 163 148
 157  53  16  13  15  17  14  10  10  10  10  39 152 161 162 149
 157  56  13  17  11  14  12   9   5  13  11  47 156 163 165 148
 148  49  19  60  73  25  14  11   0  10  11  53 161 164 163 142
 141  38  20  60 146 120  67  10   0   8  13  57 161 162 161 148
 144  39  22  61 160 165 154 103  24   6  14  63 164 167 165 153
 159  57  25  70 168 173 166 166 134  78  39  66 168 171 168 148
 149  46  25  72 171 170 168 173 163 158 151 102 163 171 169 142
 153  97  88 126 175 168 167 174 170 169 169 157 166 169 169 141
 158 166 168 173 173 170 168 172 165 164 164 161 163 160 160 131
 173 178 175 174 172 171 168 167 164 163 163 167 164 166 165 152
 169 147 137 140 173 176 175 175 175 174 174 161 166 169 166 154
 168  75  30  49 163 177 173 173 174 167 120  74 149 173 167 156
 168  69  25  51 160 177 170 172 141  59  23  49 145 170 165 152
 167  73  27  36 151 173 155  88  21  17  17  56 149 170 166 150
 167  72  28  37 152 124  41  20  15  17  19  63 165 170 170 146
 168  78  25  28  59  28  20  16  19  18  20  62 161 168 169 158
 164  61  21  17  18  19  17  13  14  13  16  42 158 169 169 159
 168  61  19  19  20  17  16  17  15  15  19  48 160 172 171 159
 164  56  24  62  90  36  20  17  15  17  18  51 162 170 170 152
 158  47  26  61 160 135  79  21  17  18  18  57 162 168 169 156
 154  44  28  62 168 176 168 119  41  20  13  61 164 171 168 156
 163  60  27  67 170 175 175 172 149  96  42  63 168 171 166 145
 157  48  26  67 169 173 175 173 172 169 160 110 162 169 166 142
 161 101  90 126 175 174 174 176 173 170 172 166 164 167 169 144
 161 168 171 175 175 173 172 175 166 164 163 165 162 159 163 135
 193 192 189 185 200 200 199 192 192 191 188 192 188 192 186 181
 191 166 148 150 200 208 208 205 203 201 192 182 182 197 193 187
 191 106  41  54 186 208 210 211 200 188 134  87 158 201 197 190
 194 109  40  55 178 206 206 202 157  77  42  61 157 197 198 185
 195 117  39  43 161 197 178 110  40  35  35  64 161 194 195 179
 193 114  41  45 158 142  58  36  36  36  34  66 175 196 192 178
 194 110  39  38  73  46  40  37  38  37  33  64 169 201 197 188
 185  87  38  34  41  38  38  42  38  38  34  43 161 202 198 191
 189  87  38  39  47  38  37  41  40  40  37  50 170 199 196 193
 191  85  38  72 118  73  57  49  38  40  38  59 178 197 193 183
 192  77  35  65 181 169 122  64  44  42  39  66 183 194 193 181
 192  79  31  68 190 205 204 156  78  51  40  68 180 194 192 179
 189 105  35  74 194 203 206 202 183 128  78  82 176 191 195 180
 178  91  41  80 194 201 205 197 202 202 188 139 175 190 194 180
 181 132 110 144 198 201 204 195 196 201 197 187 187 190 190 176
 173 184 185 191 187 187 188 184 173 178 176 176 182 173 171 153

 141 146 148 142 137 129 148 149 148 142 148 153 148 142 141 131
 163 166 165 164 163 164 163 162 165 163 161 165 168 169 169 160
 160 164 165 162 166 169 164 161 163 164 162 167 171 171 169 160
 156 164 149 143 148 161 155 152 156 161 161 164 168 163 166 163
 163 162  77  50  55  63  64  39  47  53  57  63  66 102 157 161
 154 170 120  22  13  13  14  10  11  11  13  14  39 151 169 164
 155 169 164  56  12  12  13  10  13  10   8   6  78 158 169 164
 150 167 169 138  22  14  14  10   5   0   0  24 134 163 170 165
 158 170 172 169  85  17  15  10   9  11  10 103 166 173 174 172
 163 170 169 170 155  40  19  14  12  14  67 154 166 168 167 168
 168 173 174 171 172 124  27  17  14  25 120 165 173 170 168 170
 171 173 161 158 152 152  58  15  11  73 146 160 168 171 175 173
 172 140  49  48  34  38  27  13  17  60  60  61  70  72 126 173
 170 134  26  17  19  23  22  16  13  19  20  22  25  25  88 168
 177 145  69  57  60  61  64  53  56  49  38  39  57  46  97 166
 170 164 163 164 161 160 165 157 157 148 141 144 159 149 153 158
 152 154 156 152 150 146 158 159 159 152 156 156 145 142 144 135
 165 166 167 165 166 170 169 169 171 170 169 168 166 166 169 163
 166 169 173 170 170 170 168 169 172 170 168 171 171 169 167 159
 164 166 149 145 149 165 161 158 160 162 162 164 168 162 164 162
 167 161  74  49  56  63  62  42  48  51  57  61  63 110 166 165
 163 174 120  23  17  19  20  16  19  18  18  13  42 160 172 163
 163 174 167  59  17  17  18  13  15  17  18  20  96 169 170 164
 164 175 174 141  21  15  19  14  15  15  17  41 149 172 173 166
 167 175 173 172  88  20  16  13  17  17  21 119 172 173 176 175
 168 175 173 170 155  41  20  17  16  20  79 168 175 175 174 172
 171 176 177 177 173 124  28  19  17  36 135 176 175 173 174 173
 172 173 163 160 151 152  59  18  20  90 160 168 170 169 175 175
 174 140  49  51  36  37  28  17  19  62  61  62  67  67 126 175
 175 137  30  25  27  28  25  21  19  24  26  28  27  26  90 171
 178 147  75  69  73  72  78  61  61  56  47  44  60  48 101 168
 173 169 168 168 167 167 168 164 168 164 158 154 163 157 161 161
 181 187 190 185 179 178 188 191 193 183 181 179 180 180 176 153
 186 193 197 198 195 192 197 198 196 193 193 192 195 194 190 171
 192 197 201 197 194 196 201 202 199 197 194 194 191 190 190 173
 188 182 158 157 161 175 169 161 170 178 183 180 176 175 187 182
 192 182  87  61  64  66  64  43  50  59  66  68  82 139 187 176
 188 192 134  42  35  34  33  34  37  38  39  40  78 188 197 176
 191 201 188  77  35  36  37  38  40  40  42  51 128 202 201 178
 192 203 200 157  40  36  38  38  40  38  44  78 183 202 196 173
 192 205 211 202 110  36  37  42  41  49  64 156 202 197 195 184
 199 208 210 206 178  58  40  38  37  57 122 204 206 205 204 188
 200 208 208 206 197 142  46  38  38  73 169 205 203 201 201 187
 200 200 186 178 161 158  73  41  47 118 181 190 194 194 198 187
 185 150  54  55  43  45  38  34  39  72  65  68  74  80 144 191
 189 148  41  40  39  41  39  38  38  38  35  31  35  41 110 185
 192 166 106 109 117 114 110  87  87  85  77  79 105  91 132 184
 193 191 191 194 195 193 194 185 189 191 192 192 189 178 181 173

 131 160 160 163 161 164 164 165 172 168 170 173 173 168 166 158
 141 169 169 166 157 169 169 170 174 167 168 175 126  88  97 153
 142 169 171 163 102 151 158 163 173 168 170 171  72  25  46 149
 148 168 171 168  66  39  78 134 166 166 173 168  70  25  57 159
 153 165 167 164  63  14   6  24 103 154 165 160  61  22  39 144
 148 161 162 161  57  13   8   0  10  67 120 146  60  20  38 141
 142 163 164 161  53  11  10   0  11  14  25  73  60  19  49 148
 148 165 163 156  47  11  13   5   9  12  14  11  17  13  56 157
 149 162 161 152  39  10  10  10  10  14  17  15  13  16  53 157
 148 163 164 155  64  14  13  14  15  19  27  58  27  22  64 165
 129 164 169 161  63  13  12  14  17  40 124 152  38  23  61 160
 137 163 166 148  55  13  12  22  85 155 172 152  34  19  60 161
 142 164 162 143  50  22  56 138 169 170 171 158  48  17  57 164
 148 165 165 149  77 120 164 169 172 169 174 161  49  26  69 163
 146 166 164 164 162 170 169 167 170 170 173 173 140 134 145 164
 141 163 160 156 163 154 155 150 158 163 168 171 172 170 177 170
 135 163 159 162 165 163 164 166 175 172 173 175 175 171 168 161
 144 169 167 164 166 172 170 173 176 174 174 175 126  90 101 161
 142 166 169 162 110 160 169 172 173 175 173 169  67  26  48 157
 145 166 171 168  63  42  96 149 172 175 175 170  67  27  60 163
 156 168 171 164  61  13  20  41 119 168 176 168  62  28  44 154
 156 169 168 162  57  18  18  17  21  79 135 160  61  26  47 158
 152 170 170 162  51  18  17  15  17  20  36  90  62  24  56 164
 159 171 172 160  48  19  15  15  17  16  17  20  19  19  61 168
 159 169 169 158  42  16  13  14  13  17  19  18  17  21  61 164
 158 169 168 161  62  20  18  19  16  20  28  59  28  25  78 168
 146 170 170 165  63  19  17  15  20  41 124 152  37  28  72 167
 150 166 170 149  56  17  17  21  88 155 173 151  36  27  73 167
 152 165 170 145  49  23  59 141 172 170 177 160  51  25  69 168
 156 167 173 149  74 120 167 174 173 173 177 163  49  30  75 168
 154 166 169 166 161 174 174 175 175 175 176 173 140 137 147 169
 152 165 166 164 167 163 163 164 167 168 171 172 174 175 178 173
 153 171 173 182 176 176 178 173 184 188 187 187 191 185 184 173
 176 190 190 187 187 197 201 196 195 204 201 198 144 110 132 181
 180 194 190 175 139 188 202 202 197 205 201 194  80  41  91 178
 180 195 191 176  82  78 128 183 202 206 203 194  74  35 105 189
 179 192 194 180  68  40  51  78 156 204 205 190  68  31  79 192
 181 193 194 183  66  39  42  44  64 122 169 181  65  35  77 192
 183 193 197 178  59  38  40  38  49  57  73 118  72  38  85 191
 193 196 199 170  50  37  40  40  41  37  38  47  39  38  87 189
 191 198 202 161  43  34  38  38  42  38  38  41  34  38  87 185
 188 197 201 169  64  33  37  38  37  40  46  73  38  39 110 194
 178 192 196 175  66  34  36  36  36  58 142 158  45  41 114 193
 179 195 194 161  64  35  35  40 110 178 197 161  43  39 117 195
 185 198 197 157  61  42  77 157 202 206 206 178  55  40 109 194
 190 197 201 158  87 134 188 200 211 210 208 186  54  41 106 191
 187 193 197 182 182 192 201 203 205 208 208 200 150 148 166 191
 181 186 192 188 192 188 191 192 192 199 200 200 185 189 192 193

