 223 237 238 239 238 232 234 240 235 220 118  43  39  68 166 217
 227 237 240 236 238 246 239 245 222 122  46  34  33  37  71 207
 231 239 245 237 234 249 236 229 127  46  34  34  31  55 161 227
 242 244 241 237 232 244 227 157  52  38  36  33  42 183 225 225
 242 246 243 239 238 235 127  47  40  39  43  52 131 229 230 221
 233 244 243 238 229 154  47  40  42  43  58 142 228 238 241 220
 234 246 240 234 158  52  45  47  47  65 167 226 235 238 249 226
 238 248 230 169  67  47  49  51  59 142 228 237 238 240 244 230
 239 245 169  69  54  51  51  53 125 227 236 240 239 243 241 234
 232 178  60  54  53  51  55 151 220 236 239 244 244 241 241 237
 168  69  49  47  50  55 138 234 242 240 243 243 244 242 244 242
 152  51  47  49  52 113 236 252 247 240 243 244 244 244 241 248
 241 120  48  56 113 217 250 255 252 241 250 244 240 242 237 244
 246 238 131 121 227 243 248 252 252 242 249 242 240 240 236 239
 226 237 224 221 234 237 244 245 236 233 239 231 222 225 229 223
  68  90  98  97  95  94 107 105  89  80 104 104  91  90  99 105
 196 208 207 202 201 200 201 202 201 196 103  37  31  38 129 188
 204 206 203 203 201 204 201 202 197 106  38  33  32  34  45 179
 202 206 205 203 205 205 201 199 109  38  31  33  31  47 141 196
 200 206 205 203 206 202 199 141  41  34  34  33  38 165 199 199
 199 206 207 206 210 204 113  42  34  34  35  43 116 197 199 198
 201 205 208 205 202 142  42  36  35  35  43 124 199 200 199 195
 202 206 208 203 140  49  37  36  35  47 142 198 202 200 198 192
 199 207 205 151  59  43  36  39  46 121 198 203 203 201 199 195
 198 202 154  57  45  42  40  43 109 199 203 201 202 202 199 198
 199 154  51  40  41  41  46 132 190 203 204 201 202 202 201 194
 148  56  41  39  41  46 121 199 204 206 207 201 199 203 203 195
 129  41  39  42  44  97 198 205 205 204 201 202 201 201 199 196
 199 106  41  45 100 190 202 202 203 201 200 201 202 202 198 194
 202 203 115 103 199 207 203 203 205 203 201 200 203 203 202 197
 194 201 196 189 195 200 201 202 201 200 197 195 196 194 196 196
  49  68  72  67  62  63  73  67  65  59  79  78  76  70  68  88
 200 213 216 213 211 210 209 211 209 200 107  42  33  43 132 191
 206 213 213 212 211 213 212 211 202 110  40  37  33  35  51 183
 205 213 214 213 212 215 210 204 112  40  33  35  33  51 146 201
 206 213 214 213 213 211 206 147  43  36  37  33  44 169 205 203
 207 215 216 215 217 210 121  46  35  38  37  47 123 202 206 201
 206 215 215 212 208 147  46  37  38  42  49 131 205 206 208 200
 205 214 214 207 145  51  41  38  38  55 148 203 208 209 207 200
 204 214 208 154  61  44  41  41  51 126 204 211 209 209 209 202
 204 209 156  59  46  44  42  45 111 204 210 209 209 209 208 204
 203 158  52  42  43  43  48 135 194 211 210 207 209 208 208 202
 157  68  42  40  42  48 124 204 211 213 210 207 206 211 210 203
 140  64  43  42  45  98 205 211 214 211 207 209 208 208 207 203
 203 128  55  46 102 194 211 210 212 208 207 209 209 208 206 201
 205 211 130 106 203 212 210 210 213 210 207 208 210 208 208 202
 196 206 202 193 198 204 206 207 207 206 202 200 199 198 200 197
  50  71  75  70  64  66  76  70  68  61  82  82  78  72  71  87

 217 207 227 225 221 220 226 230 234 237 242 248 244 239 223 105
 166  71 161 225 230 241 249 244 241 241 244 241 237 236 229  99
  68  37  55 183 229 238 238 240 243 241 242 244 242 240 225  90
  39  33  31  42 131 228 235 238 239 244 244 244 240 240 222  91
  43  34  34  33  52 142 226 237 240 244 243 244 244 242 231 104
 118  46  34  36  43  58 167 228 236 239 243 243 250 249 239 104
 220 122  46  38  39  43  65 142 227 236 240 240 241 242 233  80
 235 222 127  52  40  42  47  59 125 220 242 247 252 252 236  89
 240 245 229 157  47  40  47  51  53 151 234 252 255 252 245 105
 234 239 236 227 127  47  45  49  51  55 138 236 250 248 244 107
 232 246 249 244 235 154  52  47  51  51  55 113 217 243 237  94
 238 238 234 232 238 229 158  67  54  53  50  52 113 227 234  95
 239 236 237 237 239 238 234 169  69  54  47  49  56 121 221  97
 238 240 245 241 243 243 240 230 169  60  49  47  48 131 224  98
 237 237 239 244 246 244 246 248 245 178  69  51 120 238 237  90
 223 227 231 242 242 233 234 238 239 232 168 152 241 246 226  68
 188 179 196 199 198 195 192 195 198 194 195 196 194 197 196  88
 129  45 141 199 199 199 198 199 199 201 203 199 198 202 196  68
  38  34  47 165 197 200 200 201 202 202 203 201 202 203 194  70
  31  32  31  38 116 199 202 203 202 202 199 201 202 203 196  76
  37  33  33  33  43 124 198 203 201 201 201 202 201 200 195  78
 103  38  31  34  35  43 142 198 203 204 207 201 200 201 197  79
 196 106  38  34  34  35  47 121 199 203 206 204 201 203 200  59
 201 197 109  41  34  35  35  46 109 190 204 205 203 205 201  65
 202 202 199 141  42  36  36  39  43 132 199 205 202 203 202  67
 201 201 201 199 113  42  37  36  40  46 121 198 202 203 201  73
 200 204 205 202 204 142  49  43  42  41  46  97 190 207 200  63
 201 201 205 206 210 202 140  59  45  41  41  44 100 199 195  62
 202 203 203 203 206 205 203 151  57  40  39  42  45 103 189  67
 207 203 205 205 207 208 208 205 154  51  41  39  41 115 196  72
 208 206 206 206 206 205 206 207 202 154  56  41 106 203 201  68
 196 204 202 200 199 201 202 199 198 199 148 129 199 202 194  49
 191 183 201 203 201 200 200 202 204 202 203 203 201 202 197  87
 132  51 146 205 206 208 207 209 208 208 210 207 206 208 200  71
  43  35  51 169 202 206 209 209 209 208 211 208 208 208 198  72
  33  33  33  44 123 205 208 209 209 209 206 208 209 210 199  78
  42  37  35  33  47 131 203 211 209 207 207 209 209 208 200  82
 107  40  33  37  37  49 148 204 210 210 210 207 207 207 202  82
 200 110  40  36  38  42  55 126 204 211 213 211 208 210 206  61
 209 202 112  43  35  38  38  51 111 194 211 214 212 213 207  68
 211 211 204 147  46  37  38  41  45 135 204 211 210 210 207  70
 209 212 210 206 121  46  41  41  42  48 124 205 211 210 206  76
 210 213 215 211 210 147  51  44  44  43  48  98 194 212 204  66
 211 211 212 213 217 208 145  61  46  43  42  45 102 203 198  64
 213 212 213 213 215 212 207 154  59  42  40  42  46 106 193  70
 216 213 214 214 216 215 214 208 156  52  42  43  55 130 202  75
 213 213 213 213 215 215 214 214 209 158  68  64 128 211 206  71
 200 206 205 206 207 206 205 204 204 203 157 140 203 205 196  50

 105  99  90  91 104 104  80  89 105 107  94  95  97  98  90  68
 223 229 225 222 231 239 233 236 245 244 237 234 221 224 237 226
 239 236 240 240 242 249 242 252 252 248 243 227 121 131 238 246
 244 237 242 240 244 250 241 252 255 250 217 113  56  48 120 241
 248 241 244 244 244 243 240 247 252 236 113  52  49  47  51 152
 242 244 242 244 243 243 240 242 234 138  55  50  47  49  69 168
 237 241 241 244 244 239 236 220 151  55  51  53  54  60 178 232
 234 241 243 239 240 236 227 125  53  51  51  54  69 169 245 239
 230 244 240 238 237 228 142  59  51  49  47  67 169 230 248 238
 226 249 238 235 226 167  65  47  47  45  52 158 234 240 246 234
 220 241 238 228 142  58  43  42  40  47 154 229 238 243 244 233
 221 230 229 131  52  43  39  40  47 127 235 238 239 243 246 242
 225 225 183  42  33  36  38  52 157 227 244 232 237 241 244 242
 227 161  55  31  34  34  46 127 229 236 249 234 237 245 239 231
 207  71  37  33  34  46 122 222 245 239 246 238 236 240 237 227
 217 166  68  39  43 118 220 235 240 234 232 238 239 238 237 223
  88  68  70  76  78  79  59  65  67  73  63  62  67  72  68  49
 196 196 194 196 195 197 200 201 202 201 200 195 189 196 201 194
 197 202 203 203 200 201 203 205 203 203 207 199 103 115 203 202
 194 198 202 202 201 200 201 203 202 202 190 100  45  41 106 199
 196 199 201 201 202 201 204 205 205 198  97  44  42  39  41 129
 195 203 203 199 201 207 206 204 199 121  46  41  39  41  56 148
 194 201 202 202 201 204 203 190 132  46  41  41  40  51 154 199
 198 199 202 202 201 203 199 109  43  40  42  45  57 154 202 198
 195 199 201 203 203 198 121  46  39  36  43  59 151 205 207 199
 192 198 200 202 198 142  47  35  36  37  49 140 203 208 206 202
 195 199 200 199 124  43  35  35  36  42 142 202 205 208 205 201
 198 199 197 116  43  35  34  34  42 113 204 210 206 207 206 199
 199 199 165  38  33  34  34  41 141 199 202 206 203 205 206 200
 196 141  47  31  33  31  38 109 199 201 205 205 203 205 206 202
 179  45  34  32  33  38 106 197 202 201 204 201 203 203 206 204
 188 129  38  31  37 103 196 201 202 201 200 201 202 207 208 196
  87  71  72  78  82  82  61  68  70  76  66  64  70  75  71  50
 197 200 198 199 200 202 206 207 207 206 204 198 193 202 206 196
 202 208 208 210 208 207 210 213 210 210 212 203 106 130 211 205
 201 206 208 209 209 207 208 212 210 211 194 102  46  55 128 203
 203 207 208 208 209 207 211 214 211 205  98  45  42  43  64 140
 203 210 211 206 207 210 213 211 204 124  48  42  40  42  68 157
 202 208 208 209 207 210 211 194 135  48  43  43  42  52 158 203
 204 208 209 209 209 210 204 111  45  42  44  46  59 156 209 204
 202 209 209 209 211 204 126  51  41  41  44  61 154 208 214 204
 200 207 209 208 203 148  55  38  38  41  51 145 207 214 214 205
 200 208 206 205 131  49  42  38  37  46 147 208 212 215 215 206
 201 206 202 123  47  37  38  35  46 121 210 217 215 216 215 207
 203 205 169  44  33  37  36  43 147 206 211 213 213 214 213 206
 201 146  51  33  35  33  40 112 204 210 215 212 213 214 213 205
 183  51  35  33  37  40 110 202 211 212 213 211 212 213 213 206
 191 132  43  33  42 107 200 209 211 209 210 211 213 216 213 200

  68 226 246 241 152 168 232 239 238 234 233 242 242 231 227 223
  90 237 238 120  51  69 178 245 248 246 244 246 244 239 237 237
  98 224 131  48  47  49  60 169 230 240 243 243 241 245 240 238
  97 221 121  56  49  47  54  69 169 234 238 239 237 237 236 239
  95 234 227 113  52  50  53  54  67 158 229 238 232 234 238 238
  94 237 243 217 113  55  51  51  47  52 154 235 244 249 246 232
 107 244 248 250 236 138  55  51  49  45  47 127 227 236 239 234
 105 245 252 255 252 234 151  53  51  47  40  47 157 229 245 240
  89 236 252 252 247 242 220 125  59  47  42  40  52 127 222 235
  80 233 242 241 240 240 236 227 142  65  43  39  38  46 122 220
 104 239 249 250 243 243 239 236 228 167  58  43  36  34  46 118
 104 231 242 244 244 243 244 240 237 226 142  52  33  34  34  43
  91 222 240 240 244 244 244 239 238 235 228 131  42  31  33  39
  90 225 240 242 244 242 241 243 240 238 238 229 183  55  37  68
  99 229 236 237 241 244 241 241 244 249 241 230 225 161  71 166
 105 223 239 244 248 242 237 234 230 226 220 221 225 227 207 217
  49 194 202 199 129 148 199 198 199 202 201 199 200 202 204 196
  68 201 203 106  41  56 154 202 207 206 205 206 206 206 206 208
  72 196 115  41  39  41  51 154 205 208 208 207 205 205 203 207
  67 189 103  45  42  39  40  57 151 203 205 206 203 203 203 202
  62 195 199 100  44  41  41  45  59 140 202 210 206 205 201 201
  63 200 207 190  97  46  41  42  43  49 142 204 202 205 204 200
  73 201 203 202 198 121  46  40  36  37  42 113 199 201 201 201
  67 202 203 202 205 199 132  43  39  36  36  42 141 199 202 202
  65 201 205 203 205 204 190 109  46  35  35  34  41 109 197 201
  59 200 203 201 204 206 203 199 121  47  35  34  34  38 106 196
  79 197 201 200 201 207 204 203 198 142  43  35  34  31  38 103
  78 195 200 201 202 201 201 201 203 198 124  43  33  33  33  37
  76 196 203 202 201 199 202 202 203 202 199 116  38  31  32  31
  70 194 203 202 201 203 202 202 201 200 200 197 165  47  34  38
  68 196 202 198 199 203 201 199 199 198 199 199 199 141  45 129
  88 196 197 194 196 195 194 198 195 192 195 198 199 196 179 188
  50 196 205 203 140 157 203 204 204 205 206 207 206 205 206 200
  71 206 211 128  64  68 158 209 214 214 215 215 213 213 213 213
  75 202 130  55  43  42  52 156 208 214 215 216 214 214 213 216
  70 193 106  46  42  40  42  59 154 207 212 215 213 213 212 213
  64 198 203 102  45  42  43  46  61 145 208 217 213 212 211 211
  66 204 212 194  98  48  43  44  44  51 147 210 211 215 213 210
  76 206 210 211 205 124  48  42  41  41  46 121 206 210 212 209
  70 207 210 210 211 204 135  45  41  38  37  46 147 204 211 211
  68 207 213 212 214 211 194 111  51  38  38  35  43 112 202 209
  61 206 210 208 211 213 211 204 126  55  42  38  36  40 110 200
  82 202 207 207 207 210 210 210 204 148  49  37  37  33  40 107
  82 200 208 209 209 207 207 209 211 203 131  47  33  35  37  42
  78 199 210 209 208 206 209 209 209 208 205 123  44  33  33  33
  72 198 208 208 208 211 208 209 209 209 206 202 169  51  35  43
  71 200 208 206 207 210 208 208 209 207 208 206 205 146  51 132
  87 197 202 201 203 203 202 204 202 200 200 201 203 201 183 191

