 244 244 248 254 255 255 255 254 250 247 248 248 247 244 239 245
 251 255 211 124 144 247 244 182 150 216 255 183 148 177 253 255
 251 255 193  57  78 240 247  68  57 180 254 102  56 118 253 254
 251 255 181  53  65 237 252  75  56 168 254 125  56 125 254 254
 252 255 160  47  69 245 247  67  58 163 254 127  51 127 255 253
 250 255 171  46  65 250 245  64  54 167 253 124  60 107 255 253
 253 255 187  52  66 235 249  83  61 185 252 112  58 122 255 255
 255 255 179  53  69 218 241  90  60 155 250 134  53 131 255 255
 250 254 165  51  78 223 231  77  55 152 245 137  56 116 255 253
 229 247 173  56  75 231 230  73  56 160 236 120  51 103 250 251
 229 239 184  59  68 221 245  84  62 165 248 112  55 111 246 253
 231 244 184  60  71 209 233  82  56 134 241  99  49 107 244 249
 222 236 169  52  61 217 234  77  56 136 233 104  47 101 248 248
 211 229 177  52  67 215 229  62  53 149 237  89  51  82 249 247
 205 217 163  55  65 191 216  87  49 146 228  95  53  93 243 243
 205 206 155  72  72 182 205 108  79 156 218 126  82 136 237 231
 207 203 208 215 211 215 214 208 204 199 202 202 197 194 194 211
 212 218 176 106 119 211 205 148 127 172 211 153 128 147 210 214
 212 219 160  38  42 200 211  51  36 142 217  79  36  85 212 217
 210 213 144  34  35 194 210  50  32 131 215  98  34  92 214 216
 212 216 135  32  38 202 207  45  33 118 215 100  32  88 210 209
 210 213 142  34  39 205 205  41  32 132 214  92  35  61 210 207
 210 212 154  39  44 186 204  56  36 139 211  85  37  74 210 208
 205 206 145  40  46 174 203  68  36 112 208 107  35  84 208 208
 199 208 135  37  47 175 197  61  35 114 204 111  35  75 206 209
 185 201 143  36  43 185 195  53  33 120 199  99  34  68 203 208
 187 197 155  38  39 174 202  60  33 122 206  88  36  75 198 205
 187 195 149  35  39 165 201  62  33  99 206  83  36  80 198 204
 182 192 141  37  35 174 195  53  31 101 201  83  33  72 198 200
 172 190 153  34  34 166 188  44  30 106 195  64  34  54 197 197
 176 188 147  36  32 148 184  70  29 108 193  70  32  62 196 194
 176 185 142  56  48 151 178  85  48 120 187 104  60  99 189 190
 205 202 204 210 209 208 205 202 195 199 202 199 197 195 194 211
 211 215 173 106 120 209 204 158 136 175 211 154 129 148 213 217
 210 217 160  39  45 202 212  54  38 143 216  80  38  87 214 218
 213 216 147  36  38 197 213  52  34 133 216 100  36  93 213 215
 212 215 136  35  40 203 207  46  33 120 216 100  34  91 214 212
 211 211 141  35  41 206 205  41  34 134 216  93  36  63 213 210
 211 212 153  40  45 190 207  57  37 140 211  85  39  76 212 210
 209 208 144  40  45 175 204  68  36 113 208 106  36  86 210 210
 202 210 135  37  47 176 197  62  36 114 205 112  36  75 208 212
 186 203 142  36  42 183 194  55  36 121 200 101  37  69 201 205
 187 199 154  36  39 175 202  61  36 124 206  89  38  77 200 207
 188 196 148  36  42 165 199  62  36 101 206  82  37  81 200 206
 183 195 145  41  39 174 194  54  34 101 201  84  35  73 199 202
 172 192 155  36  35 167 190  45  31 107 197  66  35  55 199 199
 176 189 148  39  34 149 184  70  31 109 194  71  33  61 197 196
 178 184 142  57  51 151 177  86  49 121 189 106  60 100 189 190

 245 255 254 254 253 253 255 255 253 251 253 249 248 247 243 231
 239 253 253 254 255 255 255 255 255 250 246 244 248 249 243 237
 244 177 118 125 127 107 122 131 116 103 111 107 101  82  93 136
 247 148  56  56  51  60  58  53  56  51  55  49  47  51  53  82
 248 183 102 125 127 124 112 134 137 120 112  99 104  89  95 126
 248 255 254 254 254 253 252 250 245 236 248 241 233 237 228 218
 247 216 180 168 163 167 185 155 152 160 165 134 136 149 146 156
 250 150  57  56  58  54  61  60  55  56  62  56  56  53  49  79
 254 182  68  75  67  64  83  90  77  73  84  82  77  62  87 108
 255 244 247 252 247 245 249 241 231 230 245 233 234 229 216 205
 255 247 240 237 245 250 235 218 223 231 221 209 217 215 191 182
 255 144  78  65  69  65  66  69  78  75  68  71  61  67  65  72
 254 124  57  53  47  46  52  53  51  56  59  60  52  52  55  72
 248 211 193 181 160 171 187 179 165 173 184 184 169 177 163 155
 244 255 255 255 255 255 255 255 254 247 239 244 236 229 217 206
 244 251 251 251 252 250 253 255 250 229 229 231 222 211 205 205
 211 214 217 216 209 207 208 208 209 208 205 204 200 197 194 190
 194 210 212 214 210 210 210 208 206 203 198 198 198 197 196 189
 194 147  85  92  88  61  74  84  75  68  75  80  72  54  62  99
 197 128  36  34  32  35  37  35  35  34  36  36  33  34  32  60
 202 153  79  98 100  92  85 107 111  99  88  83  83  64  70 104
 202 211 217 215 215 214 211 208 204 199 206 206 201 195 193 187
 199 172 142 131 118 132 139 112 114 120 122  99 101 106 108 120
 204 127  36  32  33  32  36  36  35  33  33  33  31  30  29  48
 208 148  51  50  45  41  56  68  61  53  60  62  53  44  70  85
 214 205 211 210 207 205 204 203 197 195 202 201 195 188 184 178
 215 211 200 194 202 205 186 174 175 185 174 165 174 166 148 151
 211 119  42  35  38  39  44  46  47  43  39  39  35  34  32  48
 215 106  38  34  32  34  39  40  37  36  38  35  37  34  36  56
 208 176 160 144 135 142 154 145 135 143 155 149 141 153 147 142
 203 218 219 213 216 213 212 206 208 201 197 195 192 190 188 185
 207 212 212 210 212 210 210 205 199 185 187 187 182 172 176 176
 211 217 218 215 212 210 210 210 212 205 207 206 202 199 196 190
 194 213 214 213 214 213 212 210 208 201 200 200 199 199 197 189
 195 148  87  93  91  63  76  86  75  69  77  81  73  55  61 100
 197 129  38  36  34  36  39  36  36  37  38  37  35  35  33  60
 199 154  80 100 100  93  85 106 112 101  89  82  84  66  71 106
 202 211 216 216 216 216 211 208 205 200 206 206 201 197 194 189
 199 175 143 133 120 134 140 113 114 121 124 101 101 107 109 121
 195 136  38  34  33  34  37  36  36  36  36  36  34  31  31  49
 202 158  54  52  46  41  57  68  62  55  61  62  54  45  70  86
 205 204 212 213 207 205 207 204 197 194 202 199 194 190 184 177
 208 209 202 197 203 206 190 175 176 183 175 165 174 167 149 151
 209 120  45  38  40  41  45  45  47  42  39  42  39  35  34  51
 210 106  39  36  35  35  40  40  37  36  36  36  41  36  39  57
 204 173 160 147 136 141 153 144 135 142 154 148 145 155 148 142
 202 215 217 216 215 211 212 208 210 203 199 196 195 192 189 184
 205 211 210 213 212 211 211 209 202 186 187 188 183 172 176 178

 231 237 136  82 126 218 156  79 108 205 182  72  72 155 206 205
 243 243  93  53  95 228 146  49  87 216 191  65  55 163 217 205
 247 249  82  51  89 237 149  53  62 229 215  67  52 177 229 211
 248 248 101  47 104 233 136  56  77 234 217  61  52 169 236 222
 249 244 107  49  99 241 134  56  82 233 209  71  60 184 244 231
 253 246 111  55 112 248 165  62  84 245 221  68  59 184 239 229
 251 250 103  51 120 236 160  56  73 230 231  75  56 173 247 229
 253 255 116  56 137 245 152  55  77 231 223  78  51 165 254 250
 255 255 131  53 134 250 155  60  90 241 218  69  53 179 255 255
 255 255 122  58 112 252 185  61  83 249 235  66  52 187 255 253
 253 255 107  60 124 253 167  54  64 245 250  65  46 171 255 250
 253 255 127  51 127 254 163  58  67 247 245  69  47 160 255 252
 254 254 125  56 125 254 168  56  75 252 237  65  53 181 255 251
 254 253 118  56 102 254 180  57  68 247 240  78  57 193 255 251
 255 253 177 148 183 255 216 150 182 244 247 144 124 211 255 251
 245 239 244 247 248 248 247 250 254 255 255 255 254 248 244 244
 190 189  99  60 104 187 120  48  85 178 151  48  56 142 185 176
 194 196  62  32  70 193 108  29  70 184 148  32  36 147 188 176
 197 197  54  34  64 195 106  30  44 188 166  34  34 153 190 172
 200 198  72  33  83 201 101  31  53 195 174  35  37 141 192 182
 204 198  80  36  83 206  99  33  62 201 165  39  35 149 195 187
 205 198  75  36  88 206 122  33  60 202 174  39  38 155 197 187
 208 203  68  34  99 199 120  33  53 195 185  43  36 143 201 185
 209 206  75  35 111 204 114  35  61 197 175  47  37 135 208 199
 208 208  84  35 107 208 112  36  68 203 174  46  40 145 206 205
 208 210  74  37  85 211 139  36  56 204 186  44  39 154 212 210
 207 210  61  35  92 214 132  32  41 205 205  39  34 142 213 210
 209 210  88  32 100 215 118  33  45 207 202  38  32 135 216 212
 216 214  92  34  98 215 131  32  50 210 194  35  34 144 213 210
 217 212  85  36  79 217 142  36  51 211 200  42  38 160 219 212
 214 210 147 128 153 211 172 127 148 205 211 119 106 176 218 212
 211 194 194 197 202 202 199 204 208 214 215 211 215 208 203 207
 190 189 100  60 106 189 121  49  86 177 151  51  57 142 184 178
 196 197  61  33  71 194 109  31  70 184 149  34  39 148 189 176
 199 199  55  35  66 197 107  31  45 190 167  35  36 155 192 172
 202 199  73  35  84 201 101  34  54 194 174  39  41 145 195 183
 206 200  81  37  82 206 101  36  62 199 165  42  36 148 196 188
 207 200  77  38  89 206 124  36  61 202 175  39  36 154 199 187
 205 201  69  37 101 200 121  36  55 194 183  42  36 142 203 186
 212 208  75  36 112 205 114  36  62 197 176  47  37 135 210 202
 210 210  86  36 106 208 113  36  68 204 175  45  40 144 208 209
 210 212  76  39  85 211 140  37  57 207 190  45  40 153 212 211
 210 213  63  36  93 216 134  34  41 205 206  41  35 141 211 211
 212 214  91  34 100 216 120  33  46 207 203  40  35 136 215 212
 215 213  93  36 100 216 133  34  52 213 197  38  36 147 216 213
 218 214  87  38  80 216 143  38  54 212 202  45  39 160 217 210
 217 213 148 129 154 211 175 136 158 204 209 120 106 173 215 211
 211 194 195 197 199 202 199 195 202 205 208 209 210 204 202 205

 205 205 211 222 231 229 229 250 255 253 250 252 251 251 251 244
 206 217 229 236 244 239 247 254 255 255 255 255 255 255 255 244
 155 163 177 169 184 184 173 165 179 187 171 160 181 193 211 248
  72  55  52  52  60  59  56  51  53  52  46  47  53  57 124 254
  72  65  67  61  71  68  75  78  69  66  65  69  65  78 144 255
 182 191 215 217 209 221 231 223 218 235 250 245 237 240 247 255
 205 216 229 234 233 245 230 231 241 249 245 247 252 247 244 255
 108  87  62  77  82  84  73  77  90  83  64  67  75  68 182 254
  79  49  53  56  56  62  56  55  60  61  54  58  56  57 150 250
 156 146 149 136 134 165 160 152 155 185 167 163 168 180 216 247
 218 228 237 233 241 248 236 245 250 252 253 254 254 254 255 248
 126  95  89 104  99 112 120 137 134 112 124 127 125 102 183 248
  82  53  51  47  49  55  51  56  53  58  60  51  56  56 148 247
 136  93  82 101 107 111 103 116 131 122 107 127 125 118 177 244
 237 243 249 248 244 246 250 255 255 255 255 255 254 253 253 239
 231 243 247 248 249 253 251 253 255 255 253 253 254 254 255 245
 176 176 172 182 187 187 185 199 205 210 210 212 210 212 212 207
 185 188 190 192 195 197 201 208 206 212 213 216 213 219 218 203
 142 147 153 141 149 155 143 135 145 154 142 135 144 160 176 208
  56  36  34  37  35  38  36  37  40  39  34  32  34  38 106 215
  48  32  34  35  39  39  43  47  46  44  39  38  35  42 119 211
 151 148 166 174 165 174 185 175 174 186 205 202 194 200 211 215
 178 184 188 195 201 202 195 197 203 204 205 207 210 211 205 214
  85  70  44  53  62  60  53  61  68  56  41  45  50  51 148 208
  48  29  30  31  33  33  33  35  36  36  32  33  32  36 127 204
 120 108 106 101  99 122 120 114 112 139 132 118 131 142 172 199
 187 193 195 201 206 206 199 204 208 211 214 215 215 217 211 202
 104  70  64  83  83  88  99 111 107  85  92 100  98  79 153 202
  60  32  34  33  36  36  34  35  35  37  35  32  34  36 128 197
  99  62  54  72  80  75  68  75  84  74  61  88  92  85 147 194
 189 196 197 198 198 198 203 206 208 210 210 210 214 212 210 194
 190 194 197 200 204 205 208 209 208 208 207 209 216 217 214 211
 178 176 172 183 188 187 186 202 209 211 211 212 213 210 211 205
 184 189 192 195 196 199 203 210 208 212 211 215 216 217 215 202
 142 148 155 145 148 154 142 135 144 153 141 136 147 160 173 204
  57  39  36  41  36  36  36  37  40  40  35  35  36  39 106 210
  51  34  35  39  42  39  42  47  45  45  41  40  38  45 120 209
 151 149 167 174 165 175 183 176 175 190 206 203 197 202 209 208
 177 184 190 194 199 202 194 197 204 207 205 207 213 212 204 205
  86  70  45  54  62  61  55  62  68  57  41  46  52  54 158 202
  49  31  31  34  36  36  36  36  36  37  34  33  34  38 136 195
 121 109 107 101 101 124 121 114 113 140 134 120 133 143 175 199
 189 194 197 201 206 206 200 205 208 211 216 216 216 216 211 202
 106  71  66  84  82  89 101 112 106  85  93 100 100  80 154 199
  60  33  35  35  37  38  37  36  36  39  36  34  36  38 129 197
 100  61  55  73  81  77  69  75  86  76  63  91  93  87 148 195
 189 197 199 199 200 200 201 208 210 212 213 214 213 214 213 194
 190 196 199 202 206 207 205 212 210 210 210 212 215 218 217 211

